# Number of parameters = 224 Objective function value = 6895.61760259766  Maximum gradient component = 7.10185017188268e-005
# log_q_srv1:
2.40346044588
# log_q_srv2:
1.57328550517
# log_q_srv5:
2.35950249431
# log_q_srv6:
1.50123046311
# log_q_srv8:
1.83442657063
# logm:
-2.30258509299
# log_mean_rec:
2.86397228455
# sigr:
1.20000000000
# log_a50_fish1_f:
2.40625286932
# log_delta_fish1_f:
0.00000000000
# log_a50_fish1_m:
1.30195897529
# log_delta_fish1_m:
0.00000000000
# log_a50_fish2:
2.10000000000
# log_delta_fish2:
0.698740000000
# log_a50_fish3_f:
1.51868032126
# log_delta_fish3_f:
-0.169710885392
# log_a50_fish3_m:
0.00000000000
# log_delta_fish3_m:
2.30157239486
# log_a50_fish4_f:
1.20353008508
# log_delta_fish4_f:
0.899501391201
# log_a50_fish4_m:
0.707575371043
# log_delta_fish4_m:
4.34739662536
# log_a50_srv1_f:
1.12820388703
# log_delta_srv1_f:
1.75000000000
# log_a50_srv1_m:
1.42034510509
# log_delta_srv1_m:
1.55000000000
# log_a50_srv2_f:
0.956710000000
# log_delta_srv2_f:
1.00000000000
# log_a50_srv2_m:
2.00000000000
# log_delta_srv2_m:
0.824300000000
# log_avg_F_fish1:
-2.38498691640
# log_F_devs_fish1:
 -0.284541190948 -0.905975642889 -0.686580760510 -0.791944995821 -0.422460953450 -0.793596049704 -0.856683970252 -0.784005284378 -0.622691172689 -0.0649473965873 0.211485486605 0.458789097226 0.421692261896 0.286592988169 0.264432124240 0.209838610755 0.313591354793 0.149024058575 -0.299411517441 -0.399612568515 -0.467956448937 -0.418161415282 -0.431145987019 -0.183071344749 -0.270084302017 -0.261652325673 -0.110266945753 -0.0978086987808 -0.149673304888 -0.162027992760 -0.0542778858067 -0.0883390412845 -0.127399706477 -0.136429532205 0.000193280343062 0.118740974132 0.180407073434 0.0662191242946 0.113576106435 0.116145285622 0.147832473518 -0.660216579113 -0.635459309344 -0.675672334207 -0.680176989380 -0.881890130669 -0.856874840164 -0.642058657101 -0.513858159556 -0.320099506766 -0.125869434496 0.0691569858711 0.156235494791 0.295962992026 0.308002918775 0.220366523081 0.172357741545 0.160809516800 1.11076057930
# log_avg_F_fish3:
-4.41186202260
# log_F_devs_fish3:
 0.709860449952 0.301194423407 0.375956989815 0.480985658120 0.0888398575138 -0.296060989664 -0.623488971822 0.319603599078 -0.654819332310 0.873706152206 0.982138448449 1.39512134581 1.49161528418 1.21255664119 0.959181677731 1.15135655867 1.04555903011 1.02962316455 0.921072432056 0.811756140843 0.569724867837 0.704527213992 0.987210805137 0.847995685249 0.712321085906 0.719555809299 0.515626645232 0.359446651366 0.186948283498 0.00279950719594 0.240213638316 0.301418024105 0.324239409224 0.272200338024 0.506267738031 0.497204509333 0.421676361899 0.500069931066 0.712402115880 0.300335785277 0.462925821985 0.541665708553 -0.831980202153 -2.47400674694 -2.22499714071 -2.20312763305 -2.03210985457 -1.75347753512 -1.61351878339 -1.42614688918 -1.26496927057 -1.12787196882 -1.10717023847 -1.03939718776 -1.00845359227 -1.01539095065 -1.03169633619 -1.04985660874 -0.0583636436540
# log_rec_dev:
 2.29321626659 2.16673301435 2.03879288636 1.90882565172 1.77568506382 1.63983501748 1.50170555398 1.36151696488 1.21936541514 1.07565431190 0.930099974968 0.782844285767 0.633904046685 0.482717593863 0.329233349405 0.173505981772 0.0141502620834 -0.161808354217 -0.413253216982 -1.10994429252 -1.78787684542 -2.17776673913 -1.69277301524 0.496838600204 -2.00284732249 -1.88405688860 -3.11822664221 -3.06171689869 -3.29868498413 -3.72617585414 0.916531915518 -0.398375522820 -1.72513691446 0.512671131478 -0.133935319008 0.308399271339 -4.46709443432 -0.728764834327 -0.645789918685 -3.30150517451 -3.10517343856 -3.12361716581 -0.184731863483 -5.55190382850 -0.296870109787 -2.97152384606 -2.39652234663 -2.01804787237 -0.814687174586 -5.58306199942 -0.288786050888 -0.949190099389 -2.25986067604 0.238878705284 -4.21987430687 -1.14544865642 -2.78167874228 -1.22263315477 -1.79898346029 -1.82812149312 -2.03023616232 -0.777980271742 -2.67078954289 -1.48511247114 -5.56222024249 -2.00373474177 -1.70069916895 1.43850551078 -0.147729716768 4.14796120789 4.14796101778 4.14796113382 4.14796119835 4.14796117034 4.14796146694 4.14796127779 4.14796122000 4.14796137229 4.14796119721 4.14796134978 4.14796121171 4.14796130730 4.14796117159 4.14796109637 4.14796126260 4.14796133811
# mF40:
0.100838691142
# mF35:
0.120781299307
