# Number of parameters = 224 Objective function value = 3106.87196181089  Maximum gradient component = 0.00395582196024473
# log_q_srv1:
2.35251882419
# log_q_srv2:
1.53881789509
# log_q_srv5:
2.34386317478
# log_q_srv6:
1.45418815957
# log_q_srv8:
1.77389541384
# logm:
-2.30258509299
# log_mean_rec:
1.46122105927
# sigr:
1.20000000000
# log_a50_fish1_f:
2.41108943658
# log_delta_fish1_f:
0.00000000000
# log_a50_fish1_m:
1.57863421823
# log_delta_fish1_m:
0.00000000000
# log_a50_fish2:
2.10000000000
# log_delta_fish2:
0.698740000000
# log_a50_fish3_f:
1.68412221792
# log_delta_fish3_f:
-0.0582042967398
# log_a50_fish3_m:
0.00000000000
# log_delta_fish3_m:
2.30157239486
# log_a50_fish4_f:
1.19003313198
# log_delta_fish4_f:
0.961870971486
# log_a50_fish4_m:
0.700148300170
# log_delta_fish4_m:
4.88040268134
# log_a50_srv1_f:
1.13002366822
# log_delta_srv1_f:
1.75000000000
# log_a50_srv1_m:
1.38708897103
# log_delta_srv1_m:
1.55000000000
# log_a50_srv2_f:
0.956710000000
# log_delta_srv2_f:
1.00000000000
# log_a50_srv2_m:
2.00000000000
# log_delta_srv2_m:
0.824300000000
# log_avg_F_fish1:
-2.51331443345
# log_F_devs_fish1:
 0.0960149302996 -0.801169296268 -0.616923070410 -0.719591692378 -0.342259595041 -0.397509993787 -0.722139086046 -0.695942168516 -0.359148243743 0.104568620877 0.438361322423 0.534402355607 0.558395501952 0.415004419370 0.337511422707 0.292338295039 0.393583708698 0.334394658783 -0.205676454514 -0.307501403571 -0.374956055341 -0.325679789607 -0.337678224567 -0.0924456299934 -0.178851802459 -0.171731970940 -0.0235389440614 -0.00619774095899 -0.0640304536052 -0.0747796710823 0.0310007249882 -0.00434275274334 -0.0450255090023 -0.0551798288542 0.0798329136750 0.197187053926 0.252822407021 0.140456989590 0.186463494594 0.196452608271 0.217648394517 -0.600622687931 -0.612071521442 -0.407411745162 -0.335232780891 -0.282272131129 -0.399938035436 -0.387573086589 -0.343166932219 -0.296434749720 -0.249124006446 0.00568493488015 -0.139695583600 -0.0620675194026 0.566495279584 -0.111981135006 -0.105996207267 -0.110273111255 -0.0834358200633
# log_avg_F_fish3:
-4.44848853325
# log_F_devs_fish3:
 0.288885255311 -0.0488292688169 0.245213529259 0.436087708032 0.119679402935 -0.0538069516772 -0.595454402114 0.154511166867 -0.674449640837 0.871020030031 0.909184176498 1.20920833852 1.27621509599 1.10950509920 0.802187830185 0.943155275121 0.974423486448 1.14997828049 0.884134902676 0.747946661238 0.462242410995 0.498371776943 0.919680338944 0.901967620837 0.687048246320 0.797572972961 0.551690394155 0.289592824076 0.277973914158 -0.0547482754347 0.0527298726290 0.182991687307 0.281379709739 0.252713933169 0.452708371388 0.462558896386 0.470748224623 0.446761163523 0.630877485724 0.335646077263 0.487088937499 0.675203052659 -0.473099721417 -2.20943437414 -2.17234831793 -1.80039851574 -1.61757311432 -1.45950110908 -1.33468026828 -1.22984071682 -1.14771862893 -0.845138235463 -1.01531632692 -0.948856524842 -0.336822424870 -1.05603842282 -1.04216188216 -1.06225223176 -1.06041473928
# log_rec_dev:
 0.799284518709 0.798499456270 0.797927841493 0.797568679456 0.796891194754 0.795765109819 0.794193765388 0.792058145310 0.789359657425 0.786511300549 0.782731182305 0.777519747592 0.770233745537 0.758735108074 0.740614452624 0.714438792666 0.681004038835 0.675622804515 3.29035627851 -0.194691590768 -1.06442054686 -1.47988301063 -0.697681369113 2.04712910380 -1.17104854794 -0.801044581737 -2.32357431968 -2.25858436747 -2.53321790931 -2.98046506818 2.36151337270 0.990402206467 -0.588678974308 1.96351208590 1.28952995730 1.72102399489 -3.74075133617 0.637624058037 0.748668011872 -2.23177902793 -2.02323006590 -2.23047247490 1.21698986984 -4.68988267988 1.12616365930 -1.64338795446 -0.960614298325 -0.625530686643 0.611365400847 -4.76300092236 1.13286966044 0.482776483741 -0.978085706229 1.67838746342 -3.49286321187 0.291798858056 -1.39687857542 0.206957842163 -0.422046609778 -0.387351829063 -0.667582659616 0.677011667685 -1.43784482627 -0.101468519868 -5.00869454713 -0.675035962331 -0.855890402129 2.94649921236 1.51207310879 0.802592641384 0.802592365846 0.802592314429 0.802592702065 0.802592442204 0.802592101724 0.802592673716 0.802592352868 0.802592241373 0.802592028541 0.802592629134 0.802592492282 0.802592521676 0.802592173025 0.802592372749 0.802592246867 0.802592444921
# mF40:
0.101147288879
# mF35:
0.121083143678
