# Number of parameters = 188 Objective function value = 1394.75433562739  Maximum gradient component = 0.000853577326479113
# log_q_srv1:
2.55715995823
# log_q_srv2:
1.71161188857
# log_q_srv5:
2.10495151821
# log_q_srv6:
1.69254809657
# log_q_srv8:
2.07409355244
# logm:
-2.30258509299
# log_mean_rec:
0.784552716415
# sigr:
1.20000000000
# log_a50_fish1_f:
1.95825172534
# log_delta_fish1_f:
0.00000000000
# log_a50_fish1_m:
0.362151314183
# log_delta_fish1_m:
0.00000000000
# log_a50_fish2:
2.10000000000
# log_delta_fish2:
0.698740000000
# log_a50_fish3_f:
1.46609063454
# log_delta_fish3_f:
-0.213128198743
# log_a50_fish3_m:
0.00000000000
# log_delta_fish3_m:
2.30157239486
# log_a50_fish4_f:
1.09928812568
# log_delta_fish4_f:
5.65368163347
# log_a50_fish4_m:
0.701211284563
# log_delta_fish4_m:
4.47546939120
# log_a50_srv1_f:
1.12972765902
# log_delta_srv1_f:
1.75000000000
# log_a50_srv1_m:
1.37460896029
# log_delta_srv1_m:
1.55000000000
# log_a50_srv2_f:
0.956710000000
# log_delta_srv2_f:
1.00000000000
# log_a50_srv2_m:
2.00000000000
# log_delta_srv2_m:
0.824300000000
# log_avg_F_fish1:
-2.52914991787
# log_F_devs_fish1:
 -0.0425560710071 -0.631173024951 -0.643498561731 -0.951715779488 -0.668427682465 -0.667459182993 -0.716705534390 -0.701772949952 -0.497228451710 -0.167826262746 0.122336475777 0.308338036283 0.231240524082 0.205438188863 0.0472820895948 0.0182547652070 0.187466391986 0.114037252539 -0.0250190226005 -0.135063783670 -0.187873948450 -0.136939901034 -0.148205646416 0.0861433536539 0.00923657304683 -0.00142058359199 0.144340263309 0.153843995830 0.0764799728865 0.0898315295819 0.190645485825 0.169306244011 0.133142972453 0.132858291346 0.267255761219 0.383748753254 0.436668798252 0.349768757162 0.405671315138 0.436303246586 0.414738878329 -0.390513043875 -0.401317347020 -0.103461288536 0.0910390334263 0.349993558626 0.124258497128
# log_avg_F_fish3:
-3.95662705480
# log_F_devs_fish3:
 0.211668958596 -0.223526736919 -0.124365537897 0.0304699728439 -0.340683428477 -0.724332226599 -0.930856578921 0.0340512268197 -1.01392066852 0.529133752960 0.626600221770 1.07496505211 1.14185583660 0.847685407533 0.615653940498 0.782852263384 0.631324676030 0.598800741337 0.579474443782 0.448368552238 0.272469709499 0.412893649354 0.653083061830 0.504924073443 0.404376658320 0.356858072014 0.199953966778 0.0427470409294 -0.176099019842 -0.263116081029 -0.0414533595580 0.00917027351202 0.0148095422648 -0.0296035197108 0.205973652049 0.183697228539 0.0896297602150 0.227425561012 0.431133807499 -0.0117252617325 0.133624586449 0.225724131524 -1.10372158119 -2.48310277853 -1.96189430056 -1.44988714876 -1.64311172545
# log_rec_dev:
 0.00592623100040 0.00687672222041 0.00813067836691 0.00971295400755 0.0115106314509 0.0135544560740 0.0159480354318 0.0187807809038 0.0221155819184 0.0261304749419 0.0307997882647 0.0362975036331 0.0428392975248 0.0500714170104 0.0577717759123 0.0657244142723 0.0732797048922 0.0775344177897 4.27227070809 -0.294412269154 -0.836487856929 -1.23664002495 -0.795325697619 2.58007547935 -0.976336708809 -0.280041150170 -2.05389789487 -1.92330411509 -2.23377190017 -2.75052783238 2.92535231804 1.49015762200 -0.929315868650 2.56225345970 1.91038658972 2.42400351859 -3.32286845767 1.35124905903 1.37244182481 -1.62276267173 -1.15516316330 -1.01991619867 1.87449351597 -4.27356748147 1.74785702302 -0.962859878457 -0.373509011648 -0.0492091785166 1.18096651997 -4.39641120949 1.69076051717 1.07165428091 -0.347017927237 2.24398018506 -2.89287682349 0.877004033147 -0.800323605071 0.755498258128 0.208002013742 0.184250937777 -0.0855098809147 1.25124788540 -0.710195341250 0.528599385987 -4.25374746615 0.0204827520609 0.262315167721 3.36735526414 1.89542911135 0.460044979818 -1.39289294223 1.38598168051 -0.401148499911 -0.0970779008309
# mF40:
0.0983986944300
# mF35:
0.117647759293
