# Sablefish Model_1_single_area .dat file
# Model input parameters/vectors
#styr
1977
#endyr
2019
#recage
2
#nages
30
#nlenbins
30
#len_bin_labels
41 43 45 47 49 51 53 55 57 59 61 63 65 67 69 71 73 75 77 79 81 83 85 87 89 91 93 95 97 99
#spawn_fract
1
#natmort
#testdat$natmort
#p_mature
0.006083885 0.023843063 0.076916038 0.19831158 0.393646519 0.604336724 0.765348989 0.864708591 0.920670269 0.951682904 0.96921586 0.979475535 0.985715607 0.989658818 0.992241742 0.993990254 0.995209671 0.996083126 0.996723891 0.99720407 0.997570789 0.997855613 0.998080165 0.998259566 0.998404595 0.998523068 0.998620752 0.99870196 0.998769965 1
#wt_m
0.971715586 1.456610048 1.877666845 2.216248989 2.476126923 2.669769481 2.811274969 2.913338963 2.986303936 3.038149188 3.074833056 3.100713565 3.118935223 3.131746354 3.140744588 3.147060361 3.151491197 3.1545986 3.156777345 3.158304712 3.159375318 3.160125696 3.1606516 3.161020166 3.161278459 3.161459467 3.161586315 3.161675206 3.161737498 3.161781151
#wt_f
0.916819778 1.477123278 2.052195835 2.598202155 3.090971733 3.520478614 3.885686957 4.190661834 4.441940672 4.646893835 4.812779804 4.946254777 5.053162923 5.138490103 5.20640581 5.260347147 5.303117714 5.336986373 5.363778285 5.384954987 5.401682719 5.414889559 5.425312496 5.433535815 5.440022136 5.445137382 5.449170763 5.452350711 5.454857574 5.456833673
# Observed Catches
#n_yrs_catch
43
#fixed_catch
18.9 9.2 10.4 8.4 11 10.2 10.2 10.3 13 21.6 27.6 29.3 27.5 25.532 23.34333 20.98879 22.9117 20.63911 18.23827701 15.32050261 13.11783079 12.55654749 11.73794583 13.84521178 12.65488752 12.92114484 14.51934017 16.22424019 15.50683207 14.79719923 15.19640785 13.71291076 12.28339635 11.34530473 12.0829866 13.19010345 13.02344047 10.87009891 10.20493412 9.337048448 10.17719574 10.199707 15.38
#trawl_catch
2.5 1.2 1.5 2 1.6 1.8 1.6 3.8 1.5 7.3 7.6 9.1 7.3 4.684 3.09735 2.90987 2.5056 2.93761 2.61261 2.18716 1.63152 1.48726 1.98451 2.01939 1.7829 2.24311 2.060234 1.656416 1.556249 1.246329 1.235386 1.122057 1.056729 1.004606413 1.179263986 1.101838999 1.037226431 1.025381258 1.08472707 1.338367787 2.279894053 3.429496172 1.5
# Domestic longline survey RPN, aka srv3
#nyrs_domLLsurv
30
#yrs_domLLsurv
1990 1991 1992 1993 1994 1995 1996 1997 1998 1999 2000 2001 2002 2003 2004 2005 2006 2007 2008 2009 2010 2011 2012 2013 2014 2015 2016 2017 2018 2019
#obs_domLLsurv_biom
322.426430630704 241.797262144673 136.066879358472 159.370643390629 159.192973627765 194.356133548678 146.442293935662 152.399126813575 82.498908831132 86.1904205160049 158.594514522624 165.104571014538 129.854101083777 210.719948202122 177.215646796807 160.42090750375 128.174827538784 108.672276264374 105.538801440067 189.716220042704 141.907248108726 93.1503864199196 64.5143954964317 62.3202203146702 70.678064745482 99.9521415630082 529.826640760157 290.401803306433 150.525593799486 775.447334164037
#obs_domLLsurv_se
32.2426430630704 24.1797262144673 13.6066879358472 15.9370643390629 15.9192973627765 19.4356133548678 14.6442293935662 15.2399126813575 8.2498908831132 8.61904205160049 15.8594514522624 16.5104571014538 12.9854101083777 21.0719948202122 17.7215646796807 16.0420907503749 12.8174827538784 10.8672276264374 10.5538801440067 18.9716220042704 14.1907248108726 9.31503864199196 6.45143954964317 6.23202203146702 7.0678064745482 9.99521415630082 52.9826640760157 29.0401803306433 15.0525593799486 77.5447334164037
#obs_domLLsurv_lci
257.941144504563 193.437809715738 108.853503486778 127.496514712503 127.354378902212 155.484906838942 117.15383514853 121.91930145086 65.9991270649056 68.9523364128039 126.875611618099 132.08365681163 103.883280867022 168.575958561697 141.772517437446 128.336726003 102.539862031027 86.937821011499 84.4310411520534 151.772976034163 113.525798486981 74.5203091359357 51.6115163971454 49.8561762517362 56.5424517963856 79.9617132504066 423.861312608125 232.321442645146 120.420475039588 620.357867331229
#obs_domLLsurv_uci
386.911716756845 290.156714573607 163.280255230167 191.244772068755 191.031568353318 233.227360258413 175.730752722795 182.878952176289 98.9986905973584 103.428504619206 190.313417427149 198.125485217445 155.824921300533 252.863937842546 212.658776156169 192.505089004499 153.809793046541 130.406731517249 126.64656172808 227.659464051245 170.288697730472 111.780463703904 77.417274595718 74.7842643776043 84.8136776945784 119.94256987561 635.791968912188 348.482163967719 180.630712559383 930.536800996844
# Japanese/coop longline survey RPNs by area, aka srv4
#nyrs_coopLLsurv
16
#yrs_coopLLsurv
1979 1980 1981 1982 1983 1984 1985 1986 1987 1988 1989 1990 1991 1992 1993 1994
#obs_coopLLsurv_biom
413 387 458 613 621 685 903 838 667 707 661 449 386 402 395 366
#obs_coopLLsurv_se
41.3 38.7 45.8 61.3 62.1 68.5 90.3 83.8 66.7 70.7 66.1 44.9 38.6 40.2 39.5 36.6
#obs_coopLLsurv_lci
330.4 309.6 366.4 490.4 496.8 548 722.4 670.4 533.6 565.6 528.8 359.2 308.8 321.6 316 292.8
#obs_coopLLsurv_uci
495.6 464.4 549.6 735.6 745.2 822 1083.6 1005.6 800.4 848.4 793.2 538.8 463.2 482.4 474 439.2
# Domestic Longline Fishery CPUE (RPW), aka srv5
#nyrs_LLfish
29
#yrs_LLfish
1990 1991 1992 1993 1994 1995 1996 1997 1998 1999 2000 2001 2002 2003 2004 2005 2006 2007 2008 2009 2010 2011 2012 2013 2014 2015 2016 2017 2018
#obs_LLfish_biom
379.011017066532 288.971583904887 390.228261765033 334.580305625493 400.35440857895 721.178699776097 259.050270840297 266.677018739519 200.332640936355 216.483093269185 295.127247806931 359.522476035281 376.228704664434 213.036858514862 209.167246347458 392.047094578074 346.665906856055 175.365300657243 289.391502390731 323.782243988363 147.067507774832 183.058781161982 200.684076315211 177.719100020632 234.388783951422 152.882433191697 181.372388085579 849.319930340886 230.447365535198
#obs_LLfish_se
37.9011017066532 28.8971583904887 39.0228261765033 33.4580305625493 40.035440857895 72.1178699776097 25.9050270840297 26.6677018739519 20.0332640936355 21.6483093269185 29.5127247806931 35.9522476035281 37.6228704664434 21.3036858514862 20.9167246347458 39.2047094578074 34.6665906856055 17.5365300657243 28.9391502390731 32.3782243988363 14.7067507774832 18.3058781161982 20.0684076315211 17.7719100020632 23.4388783951422 15.2882433191697 18.1372388085579 84.9319930340886 23.0447365535198
#obs_LLfish_lci
303.208813653226 231.17726712391 312.182609412027 267.664244500395 320.28352686316 576.942959820878 207.240216672238 213.341614991615 160.266112749084 173.186474615348 236.101798245545 287.617980828225 300.982963731547 170.42948681189 167.333797077966 313.637675662459 277.332725484844 140.292240525795 231.513201912585 259.02579519069 117.654006219866 146.447024929586 160.547261052169 142.175280016506 187.511027161137 122.305946553357 145.097910468463 679.455944272709 184.357892428159
#obs_LLfish_uci
454.813220479838 346.765900685865 468.27391411804 401.496366750592 480.42529029474 865.414439731317 310.860325008356 320.012422487423 240.399169123626 259.779711923022 354.152697368317 431.426971242338 451.474445597321 255.644230217834 251.000695616949 470.456513493689 415.999088227266 210.438360788692 347.269802868877 388.538692786036 176.481009329798 219.670537394379 240.820891578254 213.262920024759 281.266540741706 183.458919830036 217.646865702695 1019.18391640906 276.536838642238
# Japanese LL fishery RPW, aka srv6
#nyrs_JPfish
5
#yrs_JPfish
1977 1978 1979 1980 1981
#obs_JPfish_biom
1511 942 809 1040 1343
#obs_JPfish_se
151.1 94.2 80.9 104 134.3
#obs_JPfish_lci
1208.8 753.6 647.2 832 1074.4
#obs_JPfish_uci
1813.2 1130.4 970.8 1248 1611.6
# Domestic LL/Fixed gear fishery age compositions, oac_fish1
#nyrs_LLfish_age
20
#yrs_LLfish_age
1999 2000 2001 2002 2003 2004 2005 2006 2007 2008 2009 2010 2011 2012 2013 2014 2015 2016 2017 2018
#nsamples_LLfish_age_bsaiwgcgeg
20 20 20 20 20 20 20 20 20 20 20 20 20 20 20 20 20 20 20 30
#oac_LLfish_bsaiwgcgeg
0.208 0.0468 0.1459 0.0583 0.0498 0.012 0.1027 0.0123 0.0559 0.0212 0.0038 0.0069 0.0208 0.0403 0.001 0.0379 0.0195 0.0345 0.0061 0.0152 0.0544 9e-04 0.0038 0.0011 4e-04 0.0025 5e-04 0.02 0.0034 0.014
0.1469 0.2463 0.0135 0.1145 0.0708 0.0336 0.0232 0.0966 0.0025 0.0516 0.0171 0.0264 0.0014 0.0065 0.0046 0.0051 0.0115 0.0168 0.0369 0.0027 0.0174 0.0317 1e-04 6e-04 0 2e-04 0 1e-04 0.0093 0.0121
0.0787 0.1798 0.2144 0.0139 0.1285 0.0479 0.017 0.0134 0.0598 0.0012 0.049 0.0085 0.0041 6e-04 0.0189 0.0101 1e-04 0.0266 0.0111 0.0325 0.0069 0.014 0.0343 0.0016 1e-04 2e-04 1e-04 7e-04 1e-04 0.0258
0.2989 0.0824 0.1205 0.1505 0.0101 0.1095 0.0203 0.0104 0.006 0.0742 0.0013 0.0214 0.0033 0.0011 0 0.0055 0.0053 6e-04 0.024 0.0049 0.0058 0.0026 0.0066 0.0243 7e-04 7e-04 0 0 0 0.009
0.0334 0.3383 0.0574 0.136 0.1908 0.0165 0.0351 0.0254 0.0068 0.0115 0.0288 0.0034 0.0384 0.0017 0.0049 0.0012 0.0084 0.0035 1e-04 0.0132 0.0051 0.015 2e-04 0.0019 0.0121 0.001 8e-04 0 0 0.0089
0.0807 0.0683 0.3908 0.0518 0.0701 0.1586 0.0012 0.0451 0.0159 0.0016 0.0013 0.0212 0.0012 0.0176 0.0052 1e-04 0.0067 0.0038 0.0058 1e-04 0.0157 0.004 0.0078 4e-04 0.0054 0.0113 2e-04 3e-04 0 0.0082
0.0271 0.1182 0.0504 0.3495 0.093 0.0496 0.1176 0.0067 0.037 0.0137 0.0033 0.0059 0.0337 0.001 0.014 0.0098 5e-04 0 0.0025 0.0097 5e-04 0.0149 4e-04 0.0103 0.0059 9e-04 0.0113 0.0011 6e-04 0.011
0.0735 0.0653 0.1304 0.0606 0.3077 0.045 0.0734 0.099 0.0013 0.0368 0.0175 0.0098 7e-04 0.0155 0 0.0058 0.002 3e-04 1e-04 0.0056 0.0055 5e-04 0.003 0.0046 0.0067 0.0052 0.0106 0.0087 0 0.005
0.0545 0.1142 0.0614 0.0988 0.0509 0.2658 0.0556 0.0775 0.0798 0.0057 0.0463 0.0077 0.001 0.0119 0.0124 0.0115 0.0067 0.011 0.0013 3e-04 8e-04 9e-04 1e-04 0.0026 0.0021 0.0021 8e-04 0.001 0.0051 0.0102
0.0659 0.1253 0.1149 0.0677 0.0837 0.0506 0.2037 0.033 0.0641 0.0744 0.0115 0.0224 0.0076 0.0094 0.0063 0.0145 1e-04 0.0169 0.0024 8e-04 1e-04 0.0012 0.004 2e-04 0.0047 0.0012 0.0039 0 0 0.0096
0.0716 0.1178 0.1009 0.0788 0.0373 0.0786 0.0602 0.1893 0.0337 0.0435 0.0685 0.0073 0.0373 0.01 0.0056 0.0042 0.0205 0.001 0.0083 1e-04 1e-04 5e-04 3e-04 0.0026 0 0.0066 0.0012 0.0046 1e-04 0.0095
0.2173 0.0945 0.0863 0.0422 0.0671 0.0529 0.0627 0.0425 0.1321 0.0233 0.0413 0.0718 3e-04 0.0191 0.0081 0.0037 0.0015 0.0133 0 0.0093 2e-04 0 0 6e-04 5e-04 0 0.0014 5e-04 0.0016 0.006
0.0362 0.2381 0.0788 0.1138 0.0691 0.0415 0.0319 0.0696 0.0303 0.0854 0.0208 0.0466 0.0812 5e-04 0.0177 0.0022 6e-04 0.0014 0.0114 0.0013 0.0071 4e-04 2e-04 2e-04 5e-04 0.0012 0 0.0018 8e-04 0.0093
0.0913 0.0746 0.2226 0.0648 0.0778 0.0636 0.0745 0.0254 0.0342 0.0099 0.106 0.0297 0.0225 0.0405 9e-04 0.018 0.0026 0.001 0.0031 0.0116 5e-04 0.0049 5e-04 3e-04 0 0.0015 0.0016 0 0.001 0.0151
0.0181 0.1185 0.0755 0.216 0.0767 0.0648 0.0403 0.092 0.0261 0.0497 0.0264 0.056 0.0147 0.0236 0.0507 1e-04 0.0085 0.0091 0.0051 5e-04 0.0028 0 0.0052 6e-04 4e-04 0 0.0011 7e-04 6e-04 0.0161
0.113 0.0119 0.1412 0.0326 0.1668 0.0872 0.0857 0.051 0.041 0.0131 0.0477 0.0156 0.1085 0.0108 0.0176 0.0141 4e-04 0.008 0.0017 0.0052 0.0016 0.0067 0 0.0047 0.0015 2e-04 1e-04 2e-04 4e-04 0.0115
0.1642 0.112 0.0204 0.0911 0.0422 0.1426 0.0285 0.0752 0.039 0.0443 0.0288 0.0517 0.008 0.072 0.0182 0.007 0.0208 0.0021 0.008 0.0064 0.0031 4e-04 0.0015 0 0.001 0 0 0 0 0.0114
0.6386 0.0494 0.0289 0.0014 0.0612 0.0233 0.0451 0.0234 0.0136 0.0206 0.0135 0.0056 0.0065 0.0076 0.0305 0.0081 0.0058 0.006 1e-04 0.0025 0.0011 0.0014 0.0014 8e-04 0 3e-04 1e-04 0 0 0.0033
0.1275 0.6538 0.0447 0.04 0.008 0.0323 0.0113 0.0121 0.0022 0.0082 0.0123 0.0034 0.0016 0.0114 0.0018 0.014 0.0035 0.0054 0.0018 0.0012 0.0019 0 0.0012 0 0 0 3e-04 0 0 4e-04
0.034 0.1799 0.6179 0.0507 0.0256 0.0034 0.0167 0.0062 0.0177 0.0038 0.0042 0.0033 0.004 0.0016 0 0 0.0085 9e-04 0.0041 0.0082 0 0.0026 0 0 0 9e-04 0 0 0 0.0057
# Domestic LL survey Age Compositions
#nyrs_domLLsurv_age
23
#yrs_domLLsurv_age
1996 1997 1998 1999 2000 2001 2002 2003 2004 2005 2006 2007 2008 2009 2010 2011 2012 2013 2014 2015 2016 2017 2018
#nsamples_domLLsurv_age_bsaiwgcgeg
20 20 20 20 20 20 20 20 20 20 20 20 20 20 20 20 20 20 20 20 20 20 30
#oac_domLLsurv_bsaiwgcgeg
0.0749 0.0569 0.0445 0.2027 0.0078 0.1323 0.0285 0.0121 0.0066 0.0311 0.0342 0.0043 0.0748 0.0299 0.0536 0.016 0.0322 0.0809 0.0023 0.0016 0 1e-04 0.0016 0.0034 0.0176 0.0068 9e-04 0.001 6e-04 0.0408
0.1402 0.0882 0.0556 0.0383 0.1642 0.0068 0.1097 0.0205 0.0102 0.0029 0.0224 0.0324 0.0051 0.0569 0.0243 0.0534 0.0124 0.0199 0.0689 0.0026 0.001 7e-04 0.0011 0.001 0.001 0.012 0.0056 0.0031 4e-04 0.0393
0.0204 0.2271 0.1016 0.0449 0.033 0.1316 0.0068 0.1051 0.0186 0.0101 0.0062 0.0252 0.0261 0.0041 0.0463 0.0224 0.0434 0.0082 0.0182 0.0493 0.0019 0.0023 0.001 1e-04 9e-04 0.0027 0.0126 0.0016 2e-04 0.0281
0.2599 0.0261 0.1776 0.0652 0.035 0.0258 0.0912 0.0052 0.0738 0.0122 0.0039 0.0022 0.0151 0.0112 0.0021 0.0409 0.0204 0.0337 0.0061 0.0125 0.0469 0.0014 4e-04 3e-04 2e-04 4e-04 0.001 0.012 9e-04 0.0164
0.1197 0.3105 0.0194 0.128 0.0501 0.0248 0.0166 0.0744 0.0027 0.0533 0.009 0.0033 0.0021 0.0125 0.0138 0.0016 0.0245 0.0165 0.0225 0.0048 0.0169 0.0363 0.002 8e-04 0 2e-04 0.0023 0.0023 0.0059 0.0231
0.0712
0.2643 0.0839 0.1399 0.2058 0.011 0.0631 0.024 0.0154 0.0092 0.0395 0.0017 0.0302 0.0035 0.0048 0.0017 0.0083 0.009 3e-04 0.0173 0.0098 0.0154 0.0026 0.0067 0.0154 0.0016 7e-04 1e-04 1e-04 1e-04 0.0147
0.0374 0.3542 0.0789 0.122 0.1652 0.011 0.0584 0.0188 0.007 0.0051 0.0373 0.0022 0.0185 0.0029 0.0018 0.0017 0.0056 0.0038 2e-04 0.0157 0.007 0.0099 0.003 0.0049 0.0121 0.001 1e-04 0 0 0.0143
0.0739 0.0689 0.3579 0.0636 0.1032 0.1285 0.0148 0.0486 0.0155 0.0055 0.0041 0.027 0.0018 0.0184 0.0046 3e-04 9e-04 0.007 0.0037 0.0014 0.0076 0.0057 0.0131 0.0013 0.0017 0.0139 6e-04 2e-04 0 0.0062
0.0386 0.1277 0.0601 0.3254 0.0487 0.0821 0.1378 0.0101 0.0393 0.019 0.0079 0.0036 0.0255 8e-04 0.0156 0.0031 0.0014 4e-04 0.0027 0.0037 1e-04 0.0064 0.0053 0.0066 0.0019 0.0063 0.006 9e-04 1e-04 0.0126
0.079 0.0622 0.142 0.0519 0.2682 0.0554 0.0841 0.0957 0.0043 0.0346 0.0121 0.0065 0.0078 0.0238 0.0055 0.0181 0.0012 5e-04 4e-04 0.003 0.0036 1e-04 0.0106 0.0061 0.0064 0.0013 0.0017 0.0074 0 0.0067
0.0631 0.1175 0.0633 0.1103 0.0509 0.2456 0.0588 0.0615 0.0913 0.0036 0.0302 0.0162 0.0051 0.004 0.0213 0.001 0.0135 8e-04 0.0012 0.0012 0.0014 0.0052 2e-04 0.0048 0.0022 0.0086 0.0013 0.0039 0.0094 0.0024
0.0781 0.0981 0.1114 0.0592 0.1048 0.0459 0.2022 0.0425 0.0503 0.079 0.0066 0.0323 0.0098 0.0026 0.0048 0.0157 0 0.0166 4e-04 0.001 0 0.0013 0.004 0 0.0058 0.0042 0.0083 0.003 0.0011 0.0109
0.0641 0.1171 0.0855 0.1102 0.0508 0.09 0.0336 0.1957 0.0357 0.0496 0.0578 0.0051 0.0234 0.0139 0.0035 0.0025 0.0166 3e-04 0.0112 0.0012 0.0014 0.0011 0.0012 0.0017 0 0.0027 0.0025 0.0048 0.001 0.0158
0.1656 0.101 0.1008 0.075 0.0843 0.0374 0.0704 0.0248 0.1522 0.0254 0.0327 0.0548 0.0024 0.0147 0.0075 0.0028 0.0021 0.0127 0 0.0097 0.0016 1e-04 1e-04 0.0035 0.0023 0 0.0028 0.0014 0.0044 0.0076
0.0495 0.2428 0.0971 0.087 0.0656 0.0748 0.0316 0.058 0.0231 0.11 0.0168 0.0338 0.0451 0.0014 0.017 0.0069 0.0035 0.0011 0.0123 0.0018 0.0055 5e-04 3e-04 2e-04 0.0011 0.0022 0 0.0021 0.0013 0.0077
0.0867 0.0716 0.2361 0.0849 0.0798 0.0519 0.0576 0.0168 0.0369 0.0261 0.1054 0.02 0.0238 0.0435 0.0016 0.0112 0.0065 0.0015 0.0018 0.0091 1e-04 0.0068 3e-04 0 8e-04 0.0044 0.0043 2e-04 0.0017 0.0089
0.0123 0.1572 0.0664 0.2244 0.0757 0.0615 0.0483 0.05 0.0255 0.0482 0.0148 0.0799 0.0237 0.0251 0.0376 0.0013 0.0133 0.004 0.0024 0.0011 0.0054 0 0.0052 0.0013 0 1e-04 8e-04 0.0013 0 0.013
0.1069 0.0191 0.1481 0.07 0.185 0.0711 0.0546 0.046 0.0456 0.0219 0.0329 0.017 0.0673 0.0186 0.0125 0.039 0.0021 0.0101 0.0027 0.0042 0.0035 0.0059 8e-04 0.0058 2e-04 2e-04 1e-04 3e-04 3e-04 0.0084
0.1516 0.141 0.0221 0.1129 0.0487 0.1352 0.051 0.0438 0.0268 0.04 0.0168 0.0291 0.0123 0.074 0.0115 0.0164 0.0273 5e-04 0.0111 0.0036 0.0025 3e-04 0.0034 1e-04 0.0049 7e-04 7e-04 4e-04 6e-04 0.0108
0.6478 0.0754 0.045 0.0035 0.0419 0.0127 0.049 0.016 0.0134 0.0087 0.0168 0.0115 0.0074 0.0034 0.0234 0.0034 0.0056 0.0066 0 0.0037 7e-04 7e-04 1e-04 6e-04 0 0.0012 0 0 0 0.0014
0.1112 0.6939 0.0499 0.0304 0.001 0.0159 0.0063 0.0217 0.0113 0.0041 0.0035 0.0081 0.0027 0.0044 0.0016 0.0114 0.0021 0.0021 0.0098 3e-04 0.0032 1e-04 1e-04 0 0.0018 2e-04 2e-04 0 0 0.0027
0.064 0.1459 0.6354 0.0397 0.0211 0.0029 0.0178 0.0087 0.0284 0.0034 0.0052 0.0046 0.0041 0 0.0039 0.0028 0.0081 7e-04 0.001 0 0 0 0 0 0 0 0 0 0 0.0023
