# Number of parameters = 224 Objective function value = 3276.02440618939  Maximum gradient component = 0.000304364679607231
# log_q_srv1:
2.39485669429
# log_q_srv2:
1.56674413393
# log_q_srv5:
2.33926734062
# log_q_srv6:
1.50401351019
# log_q_srv8:
1.81102583684
# logm:
-2.30258509299
# log_mean_rec:
2.07791672608
# sigr:
1.20000000000
# log_a50_fish1_f:
2.37602818727
# log_delta_fish1_f:
0.00000000000
# log_a50_fish1_m:
1.58046912667
# log_delta_fish1_m:
0.00000000000
# log_a50_fish2:
2.10000000000
# log_delta_fish2:
0.698740000000
# log_a50_fish3_f:
1.47161605084
# log_delta_fish3_f:
-0.209404322295
# log_a50_fish3_m:
0.00000000000
# log_delta_fish3_m:
2.30157239486
# log_a50_fish4_f:
1.12852813349
# log_delta_fish4_f:
1.21253050382
# log_a50_fish4_m:
0.698252098005
# log_delta_fish4_m:
5.28989883942
# log_a50_srv1_f:
1.13861436947
# log_delta_srv1_f:
1.75000000000
# log_a50_srv1_m:
1.36250340852
# log_delta_srv1_m:
1.55000000000
# log_a50_srv2_f:
0.956710000000
# log_delta_srv2_f:
1.00000000000
# log_a50_srv2_m:
2.00000000000
# log_delta_srv2_m:
0.824300000000
# log_avg_F_fish1:
-2.47449325731
# log_F_devs_fish1:
 -0.182477988059 -0.830071510145 -0.603614264226 -0.700601451979 -0.333522690057 -0.461831615343 -0.731206107050 -0.693712946223 -0.352785906129 0.110826761232 0.445522874048 0.532422558045 0.456901412219 0.374278900311 0.331850864715 0.227249287945 0.339247362150 0.262738472668 -0.220938104056 -0.321639154644 -0.381734971111 -0.330563732338 -0.348448656903 -0.0996410108321 -0.191995413991 -0.190560891781 -0.0314163446395 -0.0344112328846 -0.0901433927231 -0.0910427237397 0.0175557422408 -0.0170636236013 -0.0586266735460 -0.0656556429243 0.0727554770731 0.182700493757 0.242463479215 0.130981489229 0.178049908449 0.186549443087 0.199983200370 -0.751825960688 -0.729253467049 -0.352937014517 1.54111628638 -0.475086652718 -0.275670617478 -0.244910115155 -0.231366285668 -0.327972789455 -0.391726127377 -0.316695406364 -0.306832565640 -0.359347214153 -0.319042077978 -0.228037742593 -0.126733279665 -0.0369503162963 0.0612533188842
# log_avg_F_fish3:
-4.42419279733
# log_F_devs_fish3:
 0.686362734649 0.251395991856 0.316329055939 0.437881348281 0.0304427527095 -0.369809554777 -0.602973460132 0.350868588475 -0.677213982071 0.873804658486 0.990242044214 1.43572003345 1.50270864325 1.21056652001 0.985355446861 1.16580386410 1.02307983566 0.988930941384 0.934343002004 0.795100023135 0.601692527609 0.727523184213 0.975485622023 0.835089014007 0.729498591185 0.699224817844 0.537276386163 0.378596302686 0.166019780643 0.0612301555654 0.283700631804 0.330791571989 0.332788885766 0.291357383929 0.533073446345 0.511192579121 0.418682241018 0.543890169938 0.750440673463 0.210548527013 0.347904541673 0.420965446921 -0.959517081739 -2.14433445270 0.0623880741622 -1.88850201710 -1.65122730432 -1.59021021021 -1.50927684240 -1.51435840378 -1.54430563534 -1.45339135471 -1.39773072326 -1.41240186581 -1.33710260673 -1.25122094308 -1.20299026992 -1.15450095688 -1.06722768828
# log_rec_dev:
 1.67561178041 1.66789114690 1.66062403324 1.65337006288 1.64372329552 1.63124376868 1.61614467876 1.59842216183 1.57719725620 1.55390477944 1.52620943682 1.49431739448 1.45651935887 1.40576613335 1.33916551415 1.25655028063 1.15546712547 1.04498665796 1.34506590182 -0.266676691982 -1.29334356310 -1.77710156375 -1.18090538487 1.38484196270 -1.52035635358 -1.34706404024 -2.69082158242 -2.64667946957 -2.91041348269 -3.35282535433 1.72379849589 0.359972757221 -1.19391010997 1.31871168645 0.665272235876 1.10322219324 -4.12486187625 0.0132538404977 0.102478209436 -2.76546462916 -2.53519623616 -2.69960617984 0.576457308687 -5.08793542962 0.496098715773 -2.24967221857 -1.59153191866 -1.26883133278 -0.0218347413945 -5.18803342623 0.488343792244 -0.140650314667 -1.57913939253 1.04564695304 -3.81172296386 -0.363166737697 -2.01696169783 -0.421466283036 -1.01077086806 -1.07686824501 -1.29308341807 0.0305131319038 -1.99681731267 -0.658690215685 -5.25898751195 -1.26193357625 -1.19202373665 2.39291890346 0.680198305403 1.71243745565 1.71243755535 1.71243788161 1.71243757889 1.71243753584 1.71243738101 1.71243765619 1.71243733328 1.71243767633 1.71243769100 1.71243721294 1.71243778815 1.71243755638 1.71243770789 1.71243738609 1.71243772400 1.71243747928
# mF40:
0.0981638295452
# mF35:
0.117300318865
