# Number of parameters = 188 Objective function value = 1467.85318967563  Maximum gradient component = 0.0974617706828337
# log_q_srv1:
2.43664458513
# log_q_srv2:
1.60287375964
# log_q_srv5:
2.36473005194
# log_q_srv6:
1.51613448888
# log_q_srv8:
1.95509484611
# logm:
-2.30258509299
# log_mean_rec:
0.826216524747
# sigr:
1.20000000000
# log_a50_fish1_f:
2.38360413910
# log_delta_fish1_f:
0.00000000000
# log_a50_fish1_m:
1.35953123864
# log_delta_fish1_m:
0.00000000000
# log_a50_fish2:
2.10000000000
# log_delta_fish2:
0.698740000000
# log_a50_fish3_f:
1.69405022530
# log_delta_fish3_f:
-0.0401887891250
# log_a50_fish3_m:
0.00000000000
# log_delta_fish3_m:
2.30157239486
# log_a50_fish4_f:
1.26223063031
# log_delta_fish4_f:
0.779176757202
# log_a50_fish4_m:
0.697300271865
# log_delta_fish4_m:
5.45365787413
# log_a50_srv1_f:
1.13174453444
# log_delta_srv1_f:
1.75000000000
# log_a50_srv1_m:
1.38937794700
# log_delta_srv1_m:
1.55000000000
# log_a50_srv2_f:
0.956710000000
# log_delta_srv2_f:
1.00000000000
# log_a50_srv2_m:
2.00000000000
# log_delta_srv2_m:
0.824300000000
# log_avg_F_fish1:
-2.30373786743
# log_F_devs_fish1:
 -0.423196894202 -1.00620314306 -0.755693066065 -0.841241884281 -0.478389627166 -0.879530417541 -0.924077104612 -0.836443143373 -0.675385469506 -0.116296930184 0.156131291654 0.377606345708 0.308038890427 0.208178594169 0.188540042576 0.113850456592 0.228188062033 0.0714402151911 -0.334291804611 -0.430430278182 -0.505331765229 -0.455732389951 -0.462156704531 -0.214861606323 -0.297797706736 -0.280529145358 -0.142247635143 -0.125654433042 -0.174159355589 -0.203162584275 -0.0985062392268 -0.132427240378 -0.167601984865 -0.177472777910 -0.0430226970600 0.0794101285207 0.143960056073 0.0288632930580 0.0779322236133 0.0748957291716 0.0575708154161 -0.756297122409 -0.742982291978 -0.610865409103 0.818933938205 1.85477188631 0.593168479122
# log_avg_F_fish3:
-3.99051194996
# log_F_devs_fish3:
 0.115451941039 -0.153621862304 0.123900803695 0.232266579659 -0.146143219161 -0.366555188499 -0.947027207924 -0.231272666788 -1.06583416395 0.486420342558 0.519669081960 0.815335832232 0.879268739166 0.728411037273 0.426861438898 0.561184138058 0.593679787139 0.782296382189 0.518422960101 0.375837502077 0.0947674853680 0.125921177836 0.550860647317 0.538114551700 0.318133124429 0.422106548347 0.174915203968 -0.0952628672257 -0.105971696314 -0.437512016314 -0.341289435229 -0.204955507849 -0.0976484670665 -0.121929260834 0.0733932207787 0.0849287237199 0.100792048202 0.0713090539136 0.222556042058 -0.0927661699472 0.0439654789351 0.226430220490 -0.898956556049 -2.79700532267 -1.23613634170 0.241699490983 -1.10901448913
# log_rec_dev:
 -7.58877818610e-006 -1.78593439990e-005 4.24686998565e-006 4.84118215784e-005 5.71619999683e-005 3.36547404658e-005 -3.13824371510e-005 -0.000161084006652 -0.000371782005145 -0.000691838570742 -0.00122835539450 -0.00210145696073 -0.00348633720053 -0.00569653424537 -0.00915948401245 -0.0143432144709 -0.0210284604483 -0.0209426072720 0.0489110190707 -0.366220790222 -1.01034790531 -1.32607292426 -0.438227283176 2.73500061027 -0.971050258502 -0.401908127911 -2.09903312424 -2.00470278495 -2.25658158993 -2.70252812971 2.95268788910 1.59534328340 -0.00505844181856 2.55971446206 1.89952137534 2.33613876597 -3.37982974774 1.26065608982 1.35507955596 -1.55900894542 -1.21983090639 -1.35925658564 1.83435284400 -4.34228191248 1.70035663829 -1.04513452389 -0.392253084384 -0.0319383719453 1.19163746729 -4.39196087050 1.71378961148 1.05549872008 -0.309842485789 2.26106582864 -3.05533726714 0.874623438579 -0.800372465915 0.783935229749 0.225816412762 0.164225401126 -0.0853262902953 1.24884111357 -0.744805609620 0.518695002642 -4.23004558741 0.109506683172 0.377846826558 3.54137659118 2.16064919587 -0.622177594297 0.781059490850 1.91183762584 2.07121671441 -0.0391257684588
# mF40:
0.103022011761
# mF35:
0.123677977655
