# Number of parameters = 224 Objective function value = 3497.12759635056  Maximum gradient component = 0.000235823105885447
# log_q_srv1:
2.34599821749
# log_q_srv2:
1.52276818779
# log_q_srv5:
2.37694636111
# log_q_srv6:
1.42578582881
# log_q_srv8:
1.79213059780
# logm:
-2.30258509299
# log_mean_rec:
1.45188429170
# sigr:
1.20000000000
# log_a50_fish1_f:
2.41150252368
# log_delta_fish1_f:
0.00000000000
# log_a50_fish1_m:
1.82951015839
# log_delta_fish1_m:
0.00000000000
# log_a50_fish2:
2.10000000000
# log_delta_fish2:
0.698740000000
# log_a50_fish3_f:
1.73223085189
# log_delta_fish3_f:
-0.0238099853139
# log_a50_fish3_m:
0.00000000000
# log_delta_fish3_m:
2.30157239486
# log_a50_fish4_f:
1.04939094143
# log_delta_fish4_f:
0.877612373167
# log_a50_fish4_m:
0.893962973581
# log_delta_fish4_m:
5.07948617343
# log_a50_srv1_f:
1.12772881587
# log_delta_srv1_f:
1.75000000000
# log_a50_srv1_m:
1.32516951918
# log_delta_srv1_m:
1.55000000000
# log_a50_srv2_f:
0.956710000000
# log_delta_srv2_f:
1.00000000000
# log_a50_srv2_m:
2.00000000000
# log_delta_srv2_m:
0.824300000000
# log_avg_F_fish1:
-2.57799491596
# log_F_devs_fish1:
 0.302800941391 -0.785231281136 -0.612969042721 -0.726053741143 -0.351814299883 -0.388572135206 -0.372302187871 -0.252280107990 -0.233917550327 0.361179148101 0.818882083387 0.853250895508 0.754537417251 0.505462647074 0.492232918300 0.401884379618 0.455421314660 0.403701908831 -0.154033032746 -0.242873456161 -0.306609625567 -0.255574587312 -0.282422703685 -0.0219596301245 -0.134362887408 -0.123038998607 0.0458568870999 0.0142922395330 -0.00717659340263 -0.0205008731175 0.0952942000039 0.0528688629329 0.0156377917123 0.00883835284803 0.149860209974 0.245009056556 0.318687495308 0.197970629437 0.256947260303 0.257767457147 0.322659571193 -0.667426626329 -0.560332498198 -0.178689422432 -0.104481604089 -0.363832146928 -0.401495651542 -0.339275856043 -0.280178304377 -0.218412626526 -3.05189829591 -0.207897734946 -0.208783280945 -0.237727065875 -0.198963086282 -0.162237024589 -0.0843266758877 -0.0625653920182 0.0749555418503
# log_avg_F_fish3:
-4.55584261486
# log_F_devs_fish3:
 0.295648484281 -0.121834436594 0.213682177080 0.442876281545 0.148787259238 0.0537714959120 -0.468301592941 0.197166288069 -0.640283446385 0.960795442337 0.982934340329 1.25402527827 1.26966873752 1.11601005025 0.833198203785 0.936835442273 0.975443381638 1.21797877447 0.984014284647 0.805716914061 0.539046560105 0.539491558307 0.973471670813 1.00966105175 0.804631043160 0.914672713057 0.694635294922 0.395027448130 0.388815250238 0.0843542603150 0.122166186443 0.244264848063 0.361210295160 0.358832221307 0.551240738400 0.559125244767 0.585006633072 0.569739504273 0.711953209086 0.465195832574 0.632160649751 0.830182888104 -0.252437104550 -1.89331265440 -1.98016608018 -1.95733617225 -1.67475076446 -1.46472800876 -1.34558297660 -1.23637214895 -4.04191284672 -1.08757278937 -1.04935450839 -1.06897780590 -0.997670844006 -0.961839611803 -0.948041189221 -0.970711716704 -0.862250894403
# log_rec_dev:
 0.878313907992 0.875398553604 0.872304176419 0.868938656197 0.864694826587 0.859385814406 0.852878442585 0.844908792080 0.835277239586 0.824304618098 0.810850587367 0.794041113791 0.772617978873 0.744447514165 0.707263808375 0.660109175256 0.606808079249 0.602275752742 3.30267307366 -0.0965626789551 -1.00710564678 -1.46625658935 -0.882017715020 1.93894483662 -1.28002646716 -1.11847325795 -2.38639002058 -2.40456272208 -2.63865579540 -2.98588159330 2.39435711284 1.02846104060 -0.751560442599 1.96989598869 1.24855761097 1.68908055538 -3.80432350839 0.571453698454 0.682461571061 -2.60334329314 -2.21857749119 -2.41713815338 1.21787918624 -4.65552816973 1.13842332476 -1.68693545456 -0.954679525372 -0.660306750683 0.612266629217 -4.74135837905 1.12360999738 0.483736347595 -0.931039501629 1.67375105842 -3.46880672586 0.318226056789 -1.44969352294 0.228004348866 -0.396656418343 -0.465958792203 -0.620186724195 0.673476754351 -1.40824009125 -0.0397542019110 -4.83792433932 -0.730962168690 -0.922311022999 2.94258662518 1.33392194841 0.893213567340 0.893215197649 0.893213827407 0.893213974891 0.893214507451 0.893213852090 0.893214020870 0.893213931649 0.893213142071 0.893213115543 0.893213017401 0.893211797217 0.893213261035 0.893212980260 0.893213123856 0.893214075947 0.893212968497
# mF40:
0.0956383465325
# mF35:
0.114021710086
