# Number of parameters = 224 Objective function value = 3041.47482554093  Maximum gradient component = 0.000149932502704625
# log_q_srv1:
2.40243856080
# log_q_srv2:
1.59895204210
# log_q_srv5:
2.65649767740
# log_q_srv6:
1.42963978787
# log_q_srv8:
1.82674421069
# logm:
-2.30258509299
# log_mean_rec:
1.30496749940
# sigr:
1.20000000000
# log_a50_fish1_f:
2.61248390090
# log_delta_fish1_f:
0.00000000000
# log_a50_fish1_m:
-1.68506559827
# log_delta_fish1_m:
0.00000000000
# log_a50_fish2:
2.10000000000
# log_delta_fish2:
0.698740000000
# log_a50_fish3_f:
1.73487129680
# log_delta_fish3_f:
-0.0202426374599
# log_a50_fish3_m:
0.00000000000
# log_delta_fish3_m:
2.30157239486
# log_a50_fish4_f:
1.20731972633
# log_delta_fish4_f:
0.880566220316
# log_a50_fish4_m:
0.718254250248
# log_delta_fish4_m:
3.67201485393
# log_a50_srv1_f:
1.13135393825
# log_delta_srv1_f:
1.75000000000
# log_a50_srv1_m:
1.40857777635
# log_delta_srv1_m:
1.55000000000
# log_a50_srv2_f:
0.956710000000
# log_delta_srv2_f:
1.00000000000
# log_a50_srv2_m:
2.00000000000
# log_delta_srv2_m:
0.824300000000
# log_avg_F_fish1:
-2.44687253095
# log_F_devs_fish1:
 0.653004449518 0.0617459926116 -0.244426137491 -0.887346829759 -0.722732473496 -0.836861801955 -0.844988973298 -0.897834174747 -0.694705508775 -0.147474172878 0.200301024608 0.434107995440 0.598927671223 0.754305799476 0.695689448821 0.519691580630 0.571446792326 0.560494506570 -0.258104313074 -0.364097543746 -0.438540647947 -0.391617321784 -0.401834946390 -0.154859679614 -0.237554199355 -0.224024908903 -0.0746550474828 -0.0536993042174 -0.101749644715 -0.114389518381 -0.00638592273769 -0.0392015877343 -0.0761272428404 -0.0828491284083 0.0553058699101 0.177086389214 0.240370828169 0.129695836496 0.181674989434 0.194631006245 0.226978147320 -0.623337432430 -0.645426714483 -0.623542949900 -0.314658691517 -0.343956173281 -0.0104752795807 -0.438740686616 -0.365502980126 -0.304184168076 -0.327862445105 -0.311398486784 -0.310400670339 -0.266533761222 -0.277690046107 -0.257616261101 -0.250421183168 -0.200040344427 -0.158647347485
# log_avg_F_fish3:
-4.38013867334
# log_F_devs_fish3:
 0.286497368518 -0.0382983573787 0.344255009155 0.567373422477 0.248994105803 0.124274583771 -0.449512353382 0.186092433713 -0.650533121162 0.967360206757 0.992149854100 1.24446078247 1.27176697543 1.16407131463 0.881788409691 1.01613686836 1.10307776612 1.36942118260 1.06197951557 0.848187989278 0.561191565267 0.544116137860 0.984758227748 1.00635054736 0.767629710042 0.846509666411 0.599213907471 0.284142374107 0.276196969651 -0.0373322790417 -0.00575921754242 0.121353124314 0.243504392686 0.240226925061 0.427765906857 0.433889716404 0.462105722616 0.443419059847 0.581571086019 0.313960368217 0.458923198180 0.648766619707 -0.435267148398 -2.34470958932 -2.20841559829 -1.99463801279 -1.29210168764 -1.55652165259 -1.39302975909 -1.26095605827 -1.23664818191 -1.17835852090 -1.15266619478 -1.11070260646 -1.12335048085 -1.10167272699 -1.12598282210 -1.12185106485 -1.10517524632
# log_rec_dev:
 0.471383083679 0.468688113697 0.465579238460 0.461960990786 0.457553407120 0.452207818089 0.445814035497 0.438128824263 0.428966441742 0.418238140863 0.405359758445 0.389729188462 0.370606407480 0.346965245304 0.319480097840 0.305607318716 0.342505647275 0.416512375008 3.31826641728 -0.277856843065 -1.05933298502 -1.39137677234 -0.314636475099 2.16663996306 -1.13963809264 -0.384888077773 -2.23692177376 -1.98248363108 -2.16806145392 -2.72746714855 2.47511996928 1.18692193013 0.0111687568553 1.93749552094 1.42125911042 1.90994543827 -3.31601005168 0.938941295780 0.997165141740 -1.34343571370 -1.08820028512 -0.839985475955 1.50108681247 -4.49257585489 1.35419438324 -1.16000522998 -0.816928641906 -0.503930691593 0.716475358679 -4.69808571677 1.25725217883 0.600055818138 -0.781904411518 1.79225583259 -3.22529341575 0.427316717023 -1.33484630345 0.331242015659 -0.267725494962 -0.309106508403 -0.503580409103 0.792138913416 -1.21594657022 0.0411792201903 -4.75814266975 -0.530927487719 -0.719489217038 3.09720253634 1.67542056447 0.484397435689 0.484396651085 0.484396748953 0.484397458051 0.484397303347 0.484396633889 0.484397468645 0.484397586276 0.484397137259 0.484395896785 0.484398387288 0.484396295936 0.484398144139 0.484397684685 0.484397063482 0.484397104309 0.484398375418
# mF40:
0.102000360833
# mF35:
0.122172288649
