# Number of parameters = 188 Objective function value = 1356.39647744501  Maximum gradient component = 0.000528384409824258
# log_q_srv1:
2.50461594650
# log_q_srv2:
1.64694048178
# log_q_srv5:
2.30772383968
# log_q_srv6:
1.59113183468
# log_q_srv8:
2.06119610515
# logm:
-2.30258509299
# log_mean_rec:
0.767941815729
# sigr:
1.20000000000
# log_a50_fish1_f:
2.24681491821
# log_delta_fish1_f:
0.00000000000
# log_a50_fish1_m:
1.56221211986
# log_delta_fish1_m:
0.00000000000
# log_a50_fish2:
2.10000000000
# log_delta_fish2:
0.698740000000
# log_a50_fish3_f:
1.54755260460
# log_delta_fish3_f:
-0.151429128134
# log_a50_fish3_m:
0.00000000000
# log_delta_fish3_m:
2.30157239486
# log_a50_fish4_f:
1.09959123098
# log_delta_fish4_f:
5.14934351767
# log_a50_fish4_m:
0.696508093136
# log_delta_fish4_m:
5.27775907612
# log_a50_srv1_f:
1.12705375754
# log_delta_srv1_f:
1.75000000000
# log_a50_srv1_m:
1.36355956113
# log_delta_srv1_m:
1.55000000000
# log_a50_srv2_f:
0.956710000000
# log_delta_srv2_f:
1.00000000000
# log_a50_srv2_m:
2.00000000000
# log_delta_srv2_m:
0.824300000000
# log_avg_F_fish1:
-2.46165286987
# log_F_devs_fish1:
 -0.187516163013 -0.783204204311 -0.537242869616 -0.626998551133 -0.526147302528 -0.473110732353 -0.669533155957 -0.617514818140 -0.261727699607 0.205763076048 0.543491492336 0.278375014679 0.350666831035 0.424676754468 0.202642961344 0.136242895562 0.194723497924 0.290190886528 -0.126642484937 -0.234134536314 -0.287803905776 -0.237277219136 -0.248652837270 -0.0132564927874 -0.0934121056688 -0.102308108131 0.0427334167251 0.0533272319391 -0.0225011902714 -0.0101872901694 0.0918921104824 0.0674821431876 0.0285837778850 0.0275872991726 0.162563343762 0.279610614194 0.331163212986 0.239842356524 0.289776849548 0.311005059418 0.270739183001 -0.510815837086 -0.490941543464 -0.233740370661 -0.121589908983 0.301226779563 0.0175906910006
# log_avg_F_fish3:
-4.02698050738
# log_F_devs_fish3:
 0.0798085508073 -0.298196950497 -0.135150113538 0.0326353587041 -0.300951038050 -0.632394796977 -1.00344110474 -0.0620052039137 -0.996000045199 0.511788412906 0.601690197074 0.980446156152 1.09181278525 0.843935598597 0.578066837582 0.762896891453 0.687313429383 0.698974257048 0.550777275276 0.464562176676 0.212545800732 0.348556499278 0.667989438254 0.549279383854 0.405806865782 0.438595373264 0.215359380224 0.0563787031484 -0.0881224417315 -0.315790030812 -0.0742122324540 0.00309507248864 0.0434184352900 -0.0141686066959 0.219651645038 0.221806811349 0.152955888730 0.201521029986 0.422119154162 0.0337336580959 0.207314930653 0.375158340404 -0.938432335041 -2.57131338787 -2.16014563291 -1.42508582915 -1.64458451287
# log_rec_dev:
 0.00722558359614 0.00833373037305 0.00973523569048 0.0114662605870 0.0134807958002 0.0158275443445 0.0185947422163 0.0218650051514 0.0257217290202 0.0303332678801 0.0356906950429 0.0418541046325 0.0488534049942 0.0562600853744 0.0636150801264 0.0703257415642 0.0751511556661 0.0747781951146 4.45571212736 -0.268999360959 -0.998399252817 -1.37694193584 -0.692322575258 2.69377640669 -1.01664893691 -0.680648273763 -2.11677078951 -2.07083497926 -2.32427101320 -2.72502935042 2.98491739720 1.60570126670 -0.366240202030 2.55293806671 1.96235155043 2.42579542216 -3.36337650120 1.19490917652 1.29946771657 -1.76380945400 -1.41760620081 -1.61291773495 1.83183584313 -4.30553761619 1.73267971500 -1.02779327049 -0.341643491065 -0.0251081254585 1.21533553806 -4.38470337753 1.73133255608 1.09729801678 -0.343629666479 2.28233092842 -2.82263541867 0.902269763134 -0.850464495390 0.830422955678 0.210917097106 0.194705926991 -0.0977025152459 1.29112343723 -0.720820857001 0.584862317642 -4.30175425912 0.0997480179543 0.258181631832 3.41846191970 1.79450132638 -0.291048075205 0.958590064299 1.20266044318 -1.11127368698 -0.0230075703593
# mF40:
0.0980551015402
# mF35:
0.117220816977
