# Number of parameters = 224 Objective function value = 3071.08542308836  Maximum gradient component = 0.000175030433325940
# log_q_srv1:
2.39213271875
# log_q_srv2:
1.56644647611
# log_q_srv5:
2.45971746027
# log_q_srv6:
1.46049765088
# log_q_srv8:
1.81793800320
# logm:
-2.30258509299
# log_mean_rec:
1.67076634395
# sigr:
1.20000000000
# log_a50_fish1_f:
2.48247413101
# log_delta_fish1_f:
0.00000000000
# log_a50_fish1_m:
1.24762351061
# log_delta_fish1_m:
0.00000000000
# log_a50_fish2:
2.10000000000
# log_delta_fish2:
0.698740000000
# log_a50_fish3_f:
1.70421754058
# log_delta_fish3_f:
-0.0426060545932
# log_a50_fish3_m:
0.00000000000
# log_delta_fish3_m:
2.30157239486
# log_a50_fish4_f:
1.26891464581
# log_delta_fish4_f:
0.683155782055
# log_a50_fish4_m:
0.701425919613
# log_delta_fish4_m:
4.77960962550
# log_a50_srv1_f:
1.12792622974
# log_delta_srv1_f:
1.75000000000
# log_a50_srv1_m:
1.40305048915
# log_delta_srv1_m:
1.55000000000
# log_a50_srv2_f:
0.956710000000
# log_delta_srv2_f:
1.00000000000
# log_a50_srv2_m:
2.00000000000
# log_delta_srv2_m:
0.824300000000
# log_avg_F_fish1:
-2.41621229536
# log_F_devs_fish1:
 0.219095783231 -0.655154445556 -0.633821975033 -0.785925038336 -0.407569466480 -0.726438721482 -0.793552035976 -0.773007755884 -0.619683874979 -0.0638430530382 0.214047525217 0.475351811207 0.552278536181 0.448267243528 0.344580061646 0.318038039768 0.471300920135 0.293939728863 -0.275526830135 -0.370214586980 -0.447032662513 -0.399648543912 -0.407013617344 -0.156876322919 -0.242269753375 -0.220339476648 -0.0795869272119 -0.0612617188696 -0.101870251888 -0.132350366797 -0.0274720880133 -0.0643692395293 -0.0999678118769 -0.110055140835 0.0252950243685 0.148133553748 0.214456633970 0.0970277342763 0.148702231562 0.155553622541 0.184000012615 -0.603218763523 -0.580511570827 -0.508560418914 -0.497375594265 -0.438039484565 -0.336457179362 -0.367392766994 -0.393067598695 -0.369149617973 -0.386349416753 -0.368857540229 -0.277374129626 -0.242333114495 -0.147511946617 -0.111833181077 -0.0787192603807 -0.0402631485514 1.26103968822
# log_avg_F_fish3:
-4.41503793469
# log_F_devs_fish3:
 0.311742683002 -0.0195620716165 0.298683500736 0.483656762677 0.150008352904 -0.00552378091014 -0.555304944059 0.149113881299 -0.681838766389 0.894040984285 0.931045938827 1.21779666089 1.27138768197 1.12888073460 0.827786107086 0.957342099240 1.00072195708 1.20686163388 0.936984588265 0.777794617433 0.493403641977 0.510161688909 0.937279997715 0.931831327549 0.706380586344 0.810764159227 0.566429477271 0.285242668610 0.280145576301 -0.0487306501141 0.0304110411752 0.166462858167 0.276252876064 0.256132249010 0.449322891044 0.461201063710 0.480312409092 0.454882681391 0.621291679968 0.346370603240 0.501676807853 0.689480007965 -0.436424281065 -2.25628562905 -2.29182666332 -1.96238082012 -1.60473621182 -1.50339377807 -1.44427269625 -1.34055308652 -1.29312808102 -1.25993552326 -1.16778721461 -1.12819530895 -1.04951347540 -1.03115814841 -1.01841394968 -1.00702149541 0.306702009513
# log_rec_dev:
 1.07017266367 1.06467054720 1.05853925277 1.05160689947 1.04306327683 1.03258771132 1.01996357155 1.00481082851 0.986901243620 0.966376575422 0.942160789930 0.913458609791 0.879351022064 0.837972079926 0.788080847364 0.733306770216 0.703931140654 0.875030619767 2.80315258289 -0.254966269812 -1.13261006510 -1.53489898908 -0.694265282783 1.81596924633 -1.26828324069 -0.813938633397 -2.44973662589 -2.34077187346 -2.60310500580 -3.07363723702 2.12497539587 0.829231376304 -0.523506783160 1.68144422258 1.03587820074 1.50134067923 -3.77784130508 0.476809163433 0.561274403022 -2.22006241038 -1.95139328185 -2.00118295684 1.01427228154 -4.85415356343 0.888234994938 -1.83798722918 -1.21591926538 -0.844021798705 0.376404481724 -4.91088430612 0.901842414860 0.242091801791 -1.11844291419 1.44291795837 -3.59965378019 0.0544171869997 -1.62494866223 -0.0278364850917 -0.617914117643 -0.662543029924 -0.865786293138 0.438271893221 -1.56628090932 -0.366742549805 -5.07147596022 -0.918696042585 -0.999950408521 2.70629418570 1.23337116981 1.09666226290 1.09666220374 1.09666205260 1.09666245593 1.09666213108 1.09666216183 1.09666251349 1.09666237469 1.09666310237 1.09666235741 1.09666231100 1.09666214269 1.09666178802 1.09666246225 1.09666225425 1.09666220976 1.09666240258
# mF40:
0.104630981010
# mF35:
0.125595035285
