# Number of parameters = 224 Objective function value = 3208.76759778646  Maximum gradient component = 0.00108999465796833
# log_q_srv1:
2.34282682231
# log_q_srv2:
1.53337225595
# log_q_srv5:
2.33061553517
# log_q_srv6:
1.45238676489
# log_q_srv8:
1.76145363591
# logm:
-2.30258509299
# log_mean_rec:
1.51095011609
# sigr:
1.20000000000
# log_a50_fish1_f:
2.40672976100
# log_delta_fish1_f:
0.00000000000
# log_a50_fish1_m:
1.47050988137
# log_delta_fish1_m:
0.00000000000
# log_a50_fish2:
2.10000000000
# log_delta_fish2:
0.698740000000
# log_a50_fish3_f:
1.60053498361
# log_delta_fish3_f:
-0.117459874192
# log_a50_fish3_m:
0.00000000000
# log_delta_fish3_m:
2.30157239486
# log_a50_fish4_f:
1.16705272868
# log_delta_fish4_f:
1.05385501829
# log_a50_fish4_m:
0.705371503172
# log_delta_fish4_m:
4.33305926382
# log_a50_srv1_f:
1.13300280409
# log_delta_srv1_f:
1.75000000000
# log_a50_srv1_m:
1.37877753102
# log_delta_srv1_m:
1.55000000000
# log_a50_srv2_f:
0.956710000000
# log_delta_srv2_f:
1.00000000000
# log_a50_srv2_m:
2.00000000000
# log_delta_srv2_m:
0.824300000000
# log_avg_F_fish1:
-2.51894735138
# log_F_devs_fish1:
 0.0692554970215 -0.811407957270 -0.614672855863 -0.715373647907 -0.336802261287 -0.402019523871 -0.725553779828 -0.695450945453 -0.358093302294 0.106759797183 0.440739587920 0.539099864675 0.551255866403 0.406106445220 0.337652636324 0.287608946975 0.385800151540 0.323094833043 -0.210848105423 -0.313722695331 -0.378414951117 -0.328824469260 -0.342826359357 -0.0974156955482 -0.185424702830 -0.181052372563 -0.0288483994747 -0.0148036645559 -0.0737770926940 -0.0793990416048 0.0274648437033 -0.00678233423841 -0.0477442066547 -0.0560874099448 0.0804001857366 0.197477007707 0.255165144113 0.144294347637 0.190278811035 0.197762255994 0.210666269800 -0.669516018453 -0.705475097647 -0.527614191405 1.37608302736 -0.578460433747 -0.414489437175 -0.289350434620 -0.271192142648 -0.247151106226 -0.276661029697 0.796349157591 -0.417587368410 -0.295442772023 -0.334580095358 -0.220683873374 -0.244948958666 -0.160638692302 -0.0935344068549
# log_avg_F_fish3:
-4.44296970799
# log_F_devs_fish3:
 0.420506043905 0.0771111586968 0.264921386966 0.420188116824 0.0876772236131 -0.197970057888 -0.664683076719 0.219999524994 -0.658306670461 0.844870407965 0.923327608648 1.27115266701 1.37695504534 1.14228985090 0.842954649542 1.02804943251 1.00562135727 1.07412271595 0.853639063601 0.763828148677 0.476185230788 0.581972681653 0.946973475578 0.857809965094 0.673557360945 0.754251461672 0.505149893598 0.313150813292 0.232240297891 -0.0675578387150 0.141430161112 0.238692572422 0.300846188761 0.248065878491 0.469625754397 0.475988725444 0.438897733085 0.446483850099 0.678638052992 0.261645119472 0.383285563999 0.543314599628 -0.730651258359 -2.39480610499 -0.241578241650 -2.00971155733 -1.63139699405 -1.40004288781 -1.32519211577 -1.25379702149 -1.26079589890 -0.00718444573477 -1.39715165372 -1.28443510868 -1.32847406491 -1.19507128628 -1.22282152736 -1.18027357141 -1.13352807548
# log_rec_dev:
 0.845666573793 0.844879946105 0.844400275111 0.844204056703 0.843692609369 0.842711098849 0.841318013451 0.839451047517 0.837065129725 0.834654949433 0.831369648335 0.826845427827 0.820643703948 0.810037422238 0.792532013346 0.766674940491 0.731662365809 0.714271806721 3.21943959996 -0.200269279808 -1.08239955141 -1.50457347458 -0.740580678894 1.99681011798 -1.18994543605 -0.828628994950 -2.34654385249 -2.27970217732 -2.55419436943 -3.00540468731 2.31756518771 0.946591492003 -0.631085877694 1.91375860072 1.24528516341 1.68046316232 -3.76247953854 0.603788981443 0.708104408712 -2.25839576420 -2.03398030248 -2.24819194137 1.17185238612 -4.71160313966 1.08485344503 -1.70072692526 -1.00713241522 -0.671449458985 0.568413204495 -4.79439432047 1.09078400446 0.434511152759 -1.01228233960 1.63349328576 -3.55982185658 0.246100505597 -1.48383126117 0.156439854748 -0.460710709627 -0.461472045745 -0.679667383386 0.616770109511 -1.45325214667 -0.122794063108 -5.03817167139 -0.631704584644 -0.921159480720 2.96007832998 1.64005501427 0.848788050360 0.848785757019 0.848774901427 0.848775137171 0.848806430684 0.848797375513 0.848769685649 0.848776114963 0.848788046845 0.848776378126 0.848774349527 0.848803527901 0.848773397803 0.848765831066 0.848794070537 0.848788640177 0.848772998197
# mF40:
0.100031240605
# mF35:
0.119661857980
