# Sablefish Model_1_single_area .dat file
# Model input parameters/vectors
#styr
1977
#endyr
2035
#recage
2
#nages
30
#nlenbins
30
#len_bin_labels
41 43 45 47 49 51 53 55 57 59 61 63 65 67 69 71 73 75 77 79 81 83 85 87 89 91 93 95 97 99
#spawn_fract
1
#natmort
#testdat$natmort
#p_mature
0.006083885 0.023843063 0.076916038 0.19831158 0.393646519 0.604336724 0.765348989 0.864708591 0.920670269 0.951682904 0.96921586 0.979475535 0.985715607 0.989658818 0.992241742 0.993990254 0.995209671 0.996083126 0.996723891 0.99720407 0.997570789 0.997855613 0.998080165 0.998259566 0.998404595 0.998523068 0.998620752 0.99870196 0.998769965 1
#wt_m
0.971715586 1.456610048 1.877666845 2.216248989 2.476126923 2.669769481 2.811274969 2.913338963 2.986303936 3.038149188 3.074833056 3.100713565 3.118935223 3.131746354 3.140744588 3.147060361 3.151491197 3.1545986 3.156777345 3.158304712 3.159375318 3.160125696 3.1606516 3.161020166 3.161278459 3.161459467 3.161586315 3.161675206 3.161737498 3.161781151
#wt_f
0.916819778 1.477123278 2.052195835 2.598202155 3.090971733 3.520478614 3.885686957 4.190661834 4.441940672 4.646893835 4.812779804 4.946254777 5.053162923 5.138490103 5.20640581 5.260347147 5.303117714 5.336986373 5.363778285 5.384954987 5.401682719 5.414889559 5.425312496 5.433535815 5.440022136 5.445137382 5.449170763 5.452350711 5.454857574 5.456833673
# Observed Catches
#n_yrs_catch
59
#fixed_catch
18.9 9.2 10.4 8.4 11 10.2 10.2 10.3 13 21.6 27.6 29.3 27.5 25.532 23.34333 20.98879 22.9117 20.63911 18.23827701 15.32050261 13.11783079 12.55654749 11.73794583 13.84521178 12.65488752 12.92114484 14.51934017 16.22424019 15.50683207 14.79719923 15.19640785 13.71291076 12.28339635 11.34530473 12.0829866 13.19010345 13.02344047 10.87009891 10.20493412 9.337048448 10.17719574 10.199707 15.38 20.7867696520723 140.648321972305 14.9539582647612 17.6117547331256 19.649071087372 18.9466831108329 18.3471374043066 16.5962809288632 50.2425841763264 11.1757385707009 12.0809046957764 11.1745914982305 12.3285820975254 11.6774981200622 12.1659191306505 12.3608123262374
#trawl_catch
2.5 1.2 1.5 2 1.6 1.8 1.6 3.8 1.5 7.3 7.6 9.1 7.3 4.684 3.09735 2.90987 2.5056 2.93761 2.61261 2.18716 1.63152 1.48726 1.98451 2.01939 1.7829 2.24311 2.060234 1.656416 1.556249 1.246329 1.235386 1.122057 1.056729 1.004606413 1.179263986 1.101838999 1.037226431 1.025381258 1.08472707 1.338367787 2.279894053 3.429496172 1.5 0.395030347927711 2.51767802769466 0.264941735238783 0.31784526687441 0.364828912627951 0.36441688916708 0.363862595693352 0.338219071136798 1.05891582367363 0.240761429299115 0.264895304223621 0.249908501769517 0.281317902474563 0.269401879937758 0.277080869349474 0.280687673762625
# Domestic longline survey RPN, aka srv3
#nyrs_domLLsurv
46
#yrs_domLLsurv
1990 1991 1992 1993 1994 1995 1996 1997 1998 1999 2000 2001 2002 2003 2004 2005 2006 2007 2008 2009 2010 2011 2012 2013 2014 2015 2016 2017 2018 2019 2020 2021 2022 2023 2024 2025 2026 2027 2028 2029 2030 2031 2032 2033 2034 2035
#obs_domLLsurv_biom
928.302368357955 855.616291175153 850.724887411059 743.514279939542 753.336799242436 773.446634157802 698.880026331538 604.853365336865 612.327586130007 520.708938074419 505.560422054755 491.107476738185 535.944815247012 518.325134833956 564.835175717346 654.961394768015 587.076075636127 583.955939779519 504.82865229992 478.089867466367 408.878809255801 382.82459392912 376.093736258492 371.093352713699 350.064571763746 301.208031782353 265.686132515457 232.253762728543 492.69754400749 1043.54915891343 1389.3730123534 1057.39753031079 814.712565972357 938.466318905498 836.991624216031 777.20055697585 652.710789705937 717.050258930809 645.763333744543 585.758305132142 536.356654203843 523.665777662796 480.287607997969 581.174487089276 548.214805917361 562.397966811189
#obs_domLLsurv_se
92.8302368357955 85.5616291175153 85.0724887411059 74.3514279939542 75.3336799242436 77.3446634157802 69.8880026331538 60.4853365336865 61.2327586130007 52.0708938074419 50.5560422054755 49.1107476738185 53.5944815247012 51.8325134833956 56.4835175717346 65.4961394768015 58.7076075636127 58.3955939779519 50.482865229992 47.8089867466367 40.8878809255801 38.282459392912 37.6093736258492 37.10933527137 35.0064571763746 30.1208031782353 26.5686132515457 23.2253762728543 49.269754400749 104.354915891343 138.93730123534 105.739753031079 81.4712565972357 93.8466318905498 83.6991624216031 77.720055697585 65.2710789705937 71.7050258930809 64.5763333744543 58.5758305132142 53.6356654203843 52.3665777662796 48.0287607997969 58.1174487089276 54.8214805917361 56.2397966811189
#obs_domLLsurv_lci
742.641894686364 684.493032940122 680.579909928848 594.811423951634 602.669439393948 618.757307326242 559.10402106523 483.882692269492 489.862068904005 416.567150459535 404.448337643804 392.885981390548 428.755852197609 414.660107867165 451.868140573877 523.969115814412 469.660860508902 467.164751823615 403.862921839936 382.471893973093 327.103047404641 306.259675143296 300.874989006793 296.87468217096 280.051657410997 240.966425425882 212.548906012365 185.803010182834 394.158035205992 834.839327130746 1111.49840988272 845.918024248632 651.770052777885 750.773055124398 669.593299372825 621.76044558068 522.168631764749 573.640207144647 516.610666995634 468.606644105714 429.085323363075 418.932622130237 384.230086398375 464.939589671421 438.571844733888 449.918373448952
#obs_domLLsurv_uci
1113.96284202955 1026.73954941018 1020.86986489327 892.217135927451 904.004159090923 928.135960989362 838.656031597846 725.824038404238 734.793103356008 624.850725689303 606.672506465706 589.328972085823 643.133778296414 621.990161800747 677.802210860815 785.953673721618 704.491290763353 700.747127735422 605.794382759904 573.70784095964 490.654571106961 459.389512714944 451.31248351019 445.312023256439 420.077486116496 361.449638138823 318.823359018548 278.704515274251 591.237052808988 1252.25899069612 1667.24761482408 1268.87703637295 977.655079166828 1126.1595826866 1004.38994905924 932.640668371019 783.252947647124 860.460310716971 774.916000493451 702.909966158571 643.627985044612 628.398933195356 576.345129597563 697.409384507131 657.857767100833 674.877560173427
# Japanese/coop longline survey RPNs by area, aka srv4
#nyrs_coopLLsurv
16
#yrs_coopLLsurv
1979 1980 1981 1982 1983 1984 1985 1986 1987 1988 1989 1990 1991 1992 1993 1994
#obs_coopLLsurv_biom
413 387 458 613 621 685 903 838 667 707 661 449 386 402 395 366
#obs_coopLLsurv_se
41.3 38.7 45.8 61.3 62.1 68.5 90.3 83.8 66.7 70.7 66.1 44.9 38.6 40.2 39.5 36.6
#obs_coopLLsurv_lci
330.4 309.6 366.4 490.4 496.8 548 722.4 670.4 533.6 565.6 528.8 359.2 308.8 321.6 316 292.8
#obs_coopLLsurv_uci
495.6 464.4 549.6 735.6 745.2 822 1083.6 1005.6 800.4 848.4 793.2 538.8 463.2 482.4 474 439.2
# Domestic Longline Fishery CPUE (RPW), aka srv5
#nyrs_LLfish
45
#yrs_LLfish
1990 1991 1992 1993 1994 1995 1996 1997 1998 1999 2000 2001 2002 2003 2004 2005 2006 2007 2008 2009 2010 2011 2012 2013 2014 2015 2016 2017 2018 2019 2020 2021 2022 2023 2024 2025 2026 2027 2028 2029 2030 2031 2032 2033 2034
#obs_LLfish_biom
2139.95951570484 1821.07771486848 2063.78052988773 1939.00812904674 2056.94019734641 2381.1741269943 1677.10335597659 1667.33391832 1444.88836403585 1406.15840532803 1444.18360320417 1508.76754155386 1455.29801936885 1261.90770906285 1263.56610435042 1579.56569340047 1516.12510908705 1173.37802745821 1362.38540353908 1351.90397202138 957.633148733473 944.905130255698 1014.93322855057 932.364082033397 954.640478176403 742.447780005604 687.139552241538 1056.240218125 897.49488238075 1305.42420481662 1888.06735714218 1432.78893239705 1455.14905105988 1023.49624349469 1172.51572160858 1437.73986845354 1313.99425735705 1148.96645188891 1091.82598067918 937.884855640909 820.132536095762 918.400202030399 950.71674187071 1102.24819617508 927.648147444316
#obs_LLfish_se
213.995951570484 182.107771486848 206.378052988773 193.900812904674 205.694019734641 238.11741269943 167.710335597659 166.733391832 144.488836403585 140.615840532803 144.418360320417 150.876754155386 145.529801936885 126.190770906285 126.356610435042 157.956569340047 151.612510908705 117.337802745821 136.238540353908 135.190397202138 95.7633148733473 94.4905130255698 101.493322855057 93.2364082033397 95.4640478176403 74.2447780005604 68.7139552241538 105.6240218125 89.749488238075 130.542420481662 188.806735714218 143.278893239705 145.514905105988 102.349624349469 117.251572160858 143.773986845354 131.399425735705 114.896645188891 109.182598067918 93.7884855640909 82.0132536095763 91.8400202030399 95.071674187071 110.224819617508 92.7648147444316
#obs_LLfish_lci
1711.96761256387 1456.86217189478 1651.02442391018 1551.20650323739 1645.55215787713 1904.93930159544 1341.68268478127 1333.867134656 1155.91069122868 1124.92672426242 1155.34688256334 1207.01403324309 1164.23841549508 1009.52616725028 1010.85288348033 1263.65255472037 1212.90008726964 938.702421966566 1089.90832283126 1081.5231776171 766.106518986779 755.924104204559 811.946582840457 745.891265626718 763.712382541122 593.958224004483 549.711641793231 844.992174499999 717.9959059046 1044.33936385329 1510.45388571375 1146.23114591764 1164.1192408479 818.79699479575 938.012577286867 1150.19189476283 1051.19540588564 919.173161511129 873.460784543346 750.307884512727 656.10602887661 734.720161624319 760.573393496568 881.798556940063 742.118517955452
#obs_LLfish_uci
2567.95141884581 2185.29325784217 2476.53663586527 2326.80975485609 2468.32823681569 2857.40895239316 2012.5240271719 2000.80070198399 1733.86603684302 1687.39008639364 1733.02032384501 1810.52104986463 1746.35762324261 1514.28925087542 1516.2793252205 1895.47883208056 1819.35013090445 1408.05363294985 1634.8624842469 1622.28476642565 1149.15977848017 1133.88615630684 1217.91987426069 1118.83689844008 1145.56857381168 890.937336006724 824.567462689846 1267.48826175 1076.9938588569 1566.50904577994 2265.68082857062 1719.34671887646 1746.17886127185 1228.19549219362 1407.0188659303 1725.28784214425 1576.79310882846 1378.75974226669 1310.19117681502 1125.46182676909 984.159043314915 1102.08024243648 1140.86009024485 1322.69783541009 1113.17777693318
# Japanese LL fishery RPW, aka srv6
#nyrs_JPfish
5
#yrs_JPfish
1977 1978 1979 1980 1981
#obs_JPfish_biom
1511 942 809 1040 1343
#obs_JPfish_se
151.1 94.2 80.9 104 134.3
#obs_JPfish_lci
1208.8 753.6 647.2 832 1074.4
#obs_JPfish_uci
1813.2 1130.4 970.8 1248 1611.6
# Domestic LL/Fixed gear fishery age compositions, oac_fish1
#nyrs_LLfish_age
36
#yrs_LLfish_age
1999 2000 2001 2002 2003 2004 2005 2006 2007 2008 2009 2010 2011 2012 2013 2014 2015 2016 2017 2018 2019 2020 2021 2022 2023 2024 2025 2026 2027 2028 2029 2030 2031 2032 2033 2034
#nsamples_LLfish_age_bsaiwgcgeg
20 20 20 20 20 20 20 20 20 20 20 20 20 20 20 20 20 20 20 30 30 30 30 30 30 30 30 30 30 30 30 30 30 30 30 30
#oac_LLfish_bsaiwgcgeg
0 0.003 0.112 0.055 0.036 0.032 0.162 0.004 0.097 0.01 0.031 0.01 0.057 0.087 0.002 0.055 0.031 0.06 0.006 0.036 0.061 0.005 0.002 0.002 0.001 0.004 0.001 0.015 0.002 0.024
0 0.024 0.014 0.146 0.088 0.044 0.032 0.133 0.003 0.133 0.019 0.006 0.007 0.054 0.034 0.002 0.086 0.028 0.049 0.005 0.011 0.047 0.001 0.001 0 0 0.001 0 0.009 0.024
0 0.028 0.188 0.037 0.124 0.056 0.038 0.019 0.114 0.005 0.07 0.024 0.016 0.006 0.03 0.031 0.002 0.065 0.022 0.035 0.01 0.015 0.038 0.001 0.001 0 0.001 0.001 0 0.024
0.001 0.01 0.129 0.212 0.015 0.147 0.032 0.018 0.012 0.117 0.003 0.051 0.01 0.005 0.002 0.012 0.015 0.001 0.066 0.009 0.022 0.007 0.025 0.044 0.01 0.007 0.001 0 0 0.017
0 0.046 0.089 0.121 0.253 0.017 0.109 0.013 0.021 0.008 0.077 0.001 0.047 0.028 0.003 0.003 0.026 0.021 0.002 0.018 0.013 0.02 0.004 0.009 0.029 0.001 0 0 0 0.018
0 0.011 0.329 0.059 0.103 0.166 0.004 0.059 0.016 0.004 0.004 0.043 0.001 0.037 0.007 0.003 0.004 0.02 0.015 0 0.051 0.013 0.014 0.001 0.009 0.015 0 0.001 0 0.013
0 0.012 0.05 0.36 0.097 0.054 0.129 0.008 0.044 0.018 0.005 0.009 0.05 0.002 0.029 0.016 0.003 0.001 0.013 0.013 0.001 0.019 0.004 0.012 0.008 0.003 0.025 0.002 0 0.015
0 0.003 0.114 0.064 0.312 0.051 0.087 0.112 0.002 0.048 0.023 0.012 0.002 0.023 0 0.019 0.006 0.003 0.001 0.009 0.012 0.002 0.016 0.011 0.02 0.004 0.01 0.018 0.001 0.014
0 0.008 0.042 0.1 0.047 0.303 0.046 0.096 0.115 0.006 0.052 0.03 0.003 0.001 0.047 0 0.026 0.008 0 0.004 0.009 0.008 0 0.008 0.008 0.007 0.002 0.002 0.012 0.01
0 0.013 0.084 0.047 0.121 0.035 0.215 0.053 0.059 0.131 0.002 0.035 0.022 0.019 0.015 0.023 0.003 0.031 0.003 0.003 0.004 0.009 0.008 0.001 0.013 0.009 0.011 0.003 0.007 0.023
0 0.019 0.121 0.126 0.027 0.089 0.028 0.249 0.034 0.049 0.071 0.003 0.032 0.017 0.011 0.009 0.015 0.002 0.019 0.003 0 0.001 0.005 0.01 0.001 0.012 0.005 0.01 0 0.033
0.005 0.009 0.058 0.075 0.13 0.046 0.114 0.03 0.181 0.043 0.075 0.054 0.001 0.037 0.019 0.005 0.003 0.031 0.001 0.024 0.003 0.002 0 0.008 0.006 0 0.01 0.002 0.007 0.02
0 0.029 0.12 0.083 0.065 0.055 0.04 0.087 0.038 0.119 0.029 0.063 0.112 0.001 0.026 0.005 0.001 0.007 0.019 0 0.032 0.003 0.001 0.001 0.008 0.008 0 0.009 0.004 0.035
0 0.011 0.207 0.079 0.09 0.073 0.083 0.029 0.042 0.014 0.138 0.035 0.033 0.056 0.002 0.023 0.005 0.004 0.003 0.021 0.001 0.008 0.001 0 0.001 0.002 0.006 0 0.007 0.023
0 0.028 0.048 0.211 0.072 0.054 0.08 0.057 0.029 0.06 0.003 0.101 0.02 0.043 0.053 0.007 0.023 0.011 0.008 0.001 0.015 0.001 0.009 0.006 0.001 0.003 0.011 0.006 0.001 0.039
0 0.001 0.133 0.039 0.185 0.093 0.09 0.054 0.044 0.015 0.054 0.019 0.129 0.014 0.024 0.023 0.001 0.014 0.003 0.004 0.002 0.006 0.002 0.016 0.003 0 0 0.004 0.004 0.024
0 0.025 0.008 0.138 0.057 0.14 0.096 0.062 0.047 0.068 0.039 0.034 0.017 0.112 0.008 0.023 0.052 0.003 0.015 0.006 0.007 0.008 0.005 0 0.004 0 0 0 0.001 0.028
0.005 0.028 0.139 0.01 0.114 0.039 0.136 0.055 0.057 0.032 0.057 0.025 0.028 0.017 0.1 0.009 0.01 0.054 0.004 0.026 0.005 0.002 0.001 0.007 0 0.007 0.001 0.002 0.002 0.028
0 0.297 0.162 0.083 0.014 0.087 0.043 0.087 0.009 0.011 0.019 0.034 0.004 0.023 0.015 0.045 0.004 0.006 0.016 0.002 0.001 0.002 0.003 0.002 0.006 0.001 0.006 0 0 0.019
0 0.028 0.693 0.084 0.018 0 0.012 0.022 0.033 0.006 0.013 0.002 0.002 0.003 0.01 0.004 0.012 0.008 0 0.019 0 0.004 0 0 0 0 0 0.006 0.005 0.016
0 0 0.184 0.648 0.063 0.017 0.005 0.002 0.01 0.019 0.006 0.006 0 0.002 0.001 0.004 0.002 0.006 0 0.002 0.005 0 0.002 0 0 0 0 0 0.002 0.016
0 0 0.05 0.17 0.609 0.042 0.021 0.003 0.007 0.009 0.023 0.003 0.004 0.008 0.007 0 0 0 0.018 0.004 0.007 0.001 0 0.003 0 0 0.002 0 0 0.008
0 0.004 0.032 0.074 0.199 0.565 0.034 0.014 0.001 0.016 0.005 0.014 0.006 0 0.002 0.003 0.001 0.003 0.002 0.012 0 0.003 0.003 0 0.003 0 0 0 0 0.004
0 0.023 0.013 0.057 0.084 0.191 0.522 0.035 0.014 0.001 0.007 0 0.006 0.001 0.003 0.005 0.003 0.003 0.005 0.003 0.009 0.004 0.004 0.002 0 0.002 0 0 0 0.001
0 0 0.159 0.025 0.039 0.05 0.13 0.491 0.026 0.027 0.003 0.006 0.004 0.008 0.002 0.007 0.002 0 0 0 0 0.009 0.001 0.004 0.001 0 0.002 0 0 0.001
0 0.005 0.014 0.163 0.028 0.024 0.052 0.131 0.469 0.032 0.012 0 0.009 0.005 0.011 0.002 0.004 0.003 0.003 0.001 0.005 0 0.01 0.005 0 0.003 0 0.002 0.003 0.003
0 0 0.085 0.009 0.184 0.021 0.023 0.05 0.128 0.408 0.018 0.011 0 0.011 0.006 0.013 0.004 0.004 0.003 0.003 0.003 0.001 0.002 0.005 0 0 0.003 0 0.001 0.006
0 0.008 0.023 0.108 0.003 0.149 0.038 0.024 0.052 0.149 0.356 0.033 0.008 0 0.008 0.006 0.007 0.003 0.009 0.005 0.001 0 0 0.005 0.004 0.001 0 0 0 0.001
0 0 0.058 0.041 0.106 0.012 0.118 0.019 0.025 0.05 0.134 0.327 0.041 0.014 0 0.007 0.005 0.011 0.001 0.004 0.002 0.001 0.001 0.001 0 0.009 0 0 0.001 0.01
0 0 0.148 0.071 0.047 0.11 0.019 0.067 0.016 0.027 0.02 0.087 0.304 0.042 0.008 0 0.001 0.002 0.008 0.006 0.001 0.004 0 0 0 0 0.004 0 0 0.008
0 0.01 0.012 0.127 0.071 0.028 0.084 0.012 0.117 0.025 0.02 0.028 0.085 0.303 0.032 0.012 0 0.002 0 0.006 0.003 0.002 0.003 0.003 0 0.004 0 0.008 0.003 0.002
0.003 0.001 0.085 0.026 0.126 0.062 0.016 0.073 0.011 0.108 0.017 0.023 0.041 0.079 0.285 0.016 0.007 0 0.004 0 0.003 0 0 0.001 0.002 0 0 0 0.003 0.01
0 0.029 0.044 0.088 0.008 0.126 0.052 0.019 0.061 0.007 0.101 0.017 0.018 0.019 0.094 0.249 0.015 0.003 0 0.009 0 0.009 0.003 0.001 0.004 0 0.001 0.006 0.004 0.013
0 0.014 0.192 0.038 0.067 0.023 0.114 0.021 0.018 0.048 0.005 0.079 0.005 0.022 0.023 0.062 0.224 0.006 0.014 0 0.002 0 0.002 0.004 0 0 0.002 0 0 0.015
0 0.008 0.094 0.166 0.023 0.045 0.015 0.081 0.026 0.013 0.062 0.009 0.075 0.013 0.013 0.012 0.048 0.241 0.016 0.008 0 0.005 0.003 0.008 0.004 0.005 0.002 0 0 0.005
0 0.01 0.116 0.093 0.169 0.022 0.046 0.013 0.082 0.019 0.005 0.035 0.006 0.048 0.004 0.012 0.025 0.064 0.19 0.007 0.006 0 0.008 0.002 0 0 0 0.003 0.006 0.008
# Domestic LL survey Age Compositions
#nyrs_domLLsurv_age
39
#yrs_domLLsurv_age
1996 1997 1998 1999 2000 2001 2002 2003 2004 2005 2006 2007 2008 2009 2010 2011 2012 2013 2014 2015 2016 2017 2018 2019 2020 2021 2022 2023 2024 2025 2026 2027 2028 2029 2030 2031 2032 2033 2034
#nsamples_domLLsurv_age_bsaiwgcgeg
20 20 20 20 20 20 20 20 20 20 20 20 20 20 20 20 20 20 20 20 20 20 30 30 30 30 30 30 30 30 30 30 30 30 30 30 30 30 30
#oac_domLLsurv_bsaiwgcgeg
0 0 0.007 0.185 0.006 0.192 0.041 0.018 0.021 0.055 0.047 0.005 0.096 0.044 0.092 0.02 0.019 0.106 0.005 0.001 0.002 0 0.001 0 0.009 0.003 0.001 0 0 0.024
0 0 0.01 0.044 0.209 0.009 0.126 0.024 0.019 0.009 0.078 0.055 0.003 0.099 0.056 0.076 0.01 0.025 0.091 0.004 0.006 0.003 0.001 0.001 0 0.007 0 0 0 0.033
0 0 0.033 0.061 0.045 0.165 0.008 0.138 0.031 0.017 0.009 0.077 0.041 0.002 0.103 0.041 0.046 0.015 0.028 0.086 0.001 0.001 0 0 0 0.001 0.02 0.001 0.003 0.026
0 0 0.045 0.082 0.069 0.043 0.152 0.002 0.141 0.018 0.022 0.007 0.047 0.032 0.003 0.057 0.042 0.038 0.015 0.026 0.07 0.004 0.008 0.001 0 0 0.001 0.022 0.014 0.04
0 0.001 0.012 0.203 0.07 0.043 0.048 0.149 0.004 0.085 0.017 0.009 0.013 0.032 0.043 0.004 0.053 0.025 0.038 0.007 0.014 0.075 0.002 0.001 0.004 0 0.014 0.001 0.011 0.024
0 0 0.088 0.019 0.172 0.078 0.02 0.019 0.111 0.004 0.129 0.031 0.02 0.011 0.023 0.029 0.001 0.061 0.039 0.035 0.004 0.02 0.039 0.002 0.004 0 0 0.001 0 0.037
0 0 0.037 0.306 0.016 0.163 0.052 0.019 0.004 0.07 0.003 0.084 0.004 0.001 0.001 0.03 0.03 0.002 0.041 0.015 0.036 0.002 0.01 0.036 0.001 0.003 0.006 0 0 0.027
0 0.003 0.029 0.18 0.245 0.014 0.127 0.027 0.012 0.006 0.062 0.002 0.038 0.008 0.005 0.004 0.036 0.015 0.001 0.071 0.014 0.028 0.005 0.016 0.033 0.001 0 0.001 0 0.017
0 0 0.129 0.094 0.122 0.233 0.029 0.077 0.007 0.004 0.003 0.058 0.008 0.045 0.006 0.008 0.005 0.016 0.019 0.004 0.033 0.011 0.019 0.003 0.006 0.036 0.003 0.001 0 0.019
0 0 0.01 0.306 0.053 0.117 0.161 0.004 0.051 0.021 0.018 0.01 0.038 0 0.055 0.008 0.003 0.002 0.012 0.017 0.001 0.022 0.015 0.029 0.003 0.007 0.024 0.001 0 0.012
0 0 0.029 0.044 0.355 0.069 0.086 0.138 0.005 0.032 0.01 0.003 0.013 0.031 0.002 0.031 0.014 0.005 0.005 0.011 0.009 0 0.012 0.027 0.018 0.004 0.006 0.017 0.001 0.022
0 0 0.018 0.128 0.057 0.29 0.039 0.062 0.115 0.022 0.013 0.011 0.011 0.01 0.058 0 0.036 0.003 0.006 0.002 0.008 0.014 0.005 0.014 0.019 0.009 0.003 0.012 0.02 0.016
0 0 0.052 0.073 0.126 0.044 0.213 0.052 0.094 0.12 0.017 0.029 0.023 0.002 0.008 0.043 0 0.017 0.007 0.003 0.004 0.011 0.006 0.001 0.016 0.004 0.011 0.002 0.004 0.019
0 0 0.024 0.141 0.041 0.076 0.041 0.224 0.038 0.103 0.104 0.008 0.017 0.011 0.001 0.009 0.022 0.001 0.021 0.007 0.003 0.004 0.006 0.018 0.001 0.015 0.017 0.015 0.002 0.029
0 0 0.019 0.097 0.13 0.055 0.107 0.025 0.166 0.072 0.048 0.096 0.002 0.03 0.002 0.024 0.005 0.011 0.003 0.024 0.008 0.005 0.002 0.01 0.007 0.002 0.012 0.008 0.01 0.022
0 0.004 0.043 0.096 0.11 0.091 0.047 0.074 0.022 0.164 0.034 0.056 0.063 0.003 0.035 0.016 0.005 0.008 0.027 0 0.013 0.005 0.001 0.001 0.007 0.008 0 0.023 0.003 0.04
0 0 0.079 0.073 0.106 0.055 0.106 0.022 0.066 0.026 0.2 0.056 0.02 0.051 0.002 0.025 0.008 0.005 0.01 0.018 0.002 0.017 0.001 0.001 0.001 0.003 0.005 0 0.004 0.039
0 0 0.026 0.263 0.067 0.079 0.056 0.069 0.025 0.057 0.014 0.106 0.029 0.059 0.04 0 0.024 0.01 0.002 0.005 0.014 0.001 0.02 0 0.001 0 0.002 0.004 0 0.026
0 0 0.082 0.103 0.194 0.086 0.045 0.029 0.097 0.013 0.055 0.02 0.072 0.038 0.036 0.031 0.001 0.007 0.006 0.003 0.001 0.027 0 0.006 0.004 0 0.001 0.009 0.002 0.032
0 0 0.013 0.171 0.068 0.179 0.065 0.052 0.027 0.04 0.021 0.036 0.016 0.116 0.023 0.037 0.036 0.001 0.023 0.004 0.011 0.004 0.007 0 0.006 0 0.002 0.001 0.006 0.036
0 0 0.047 0.019 0.151 0.064 0.152 0.05 0.062 0.055 0.052 0.018 0.042 0.018 0.099 0.02 0.039 0.036 0.004 0.016 0.004 0.001 0.002 0.013 0 0.004 0.001 0.003 0.002 0.027
0 0.005 0.077 0.151 0.02 0.107 0.045 0.152 0.045 0.035 0.045 0.041 0.011 0.037 0.026 0.076 0.008 0.018 0.031 0.003 0.021 0.005 0.003 0.001 0.006 0.001 0.006 0 0 0.023
0 0 0.478 0.13 0.091 0.004 0.06 0.01 0.058 0.024 0.014 0.015 0.006 0.005 0.011 0.005 0.027 0.002 0.004 0.018 0 0.007 0.001 0 0 0.006 0 0.007 0 0.018
0 0 0.054 0.762 0.038 0.021 0 0.019 0.009 0.013 0.012 0.009 0.001 0.004 0.007 0.008 0 0.009 0.002 0.006 0.011 0 0 0 0 0 0 0 0 0.014
0 0 0.018 0.212 0.631 0.034 0.016 0 0.017 0.01 0.016 0.009 0.003 0 0.006 0 0.003 0 0.015 0 0 0.006 0 0.003 0 0 0 0 0 0.002
0 0 0 0.092 0.228 0.504 0.062 0.016 0 0.017 0.008 0.02 0.01 0.003 0.004 0.004 0.003 0.007 0 0.004 0 0 0.007 0 0.003 0.001 0.002 0.001 0.003 0.004
0 0 0.014 0.019 0.083 0.145 0.617 0.036 0.02 0.003 0.006 0.004 0.011 0.004 0.008 0.002 0 0 0.003 0.002 0.012 0.002 0.004 0.001 0.001 0.003 0 0 0 0.001
0 0 0.047 0.027 0.041 0.047 0.176 0.545 0.035 0.011 0 0.008 0.004 0.011 0.002 0.003 0.002 0.003 0.002 0.006 0 0.012 0.005 0 0.002 0 0.002 0.005 0.004 0
0 0 0.001 0.149 0.039 0.03 0.058 0.157 0.453 0.018 0.007 0 0.012 0.006 0.019 0.005 0.006 0.004 0.007 0.004 0.005 0 0.01 0 0 0.004 0 0 0 0.006
0 0 0.027 0.015 0.138 0.035 0.029 0.053 0.17 0.401 0.04 0.018 0 0.012 0.007 0.012 0.002 0.007 0.01 0.005 0 0 0.002 0.013 0 0.002 0 0 0 0
0 0 0.007 0.127 0.015 0.145 0.016 0.02 0.047 0.139 0.362 0.044 0.021 0 0.005 0.002 0.014 0.006 0.001 0.004 0.003 0 0.004 0 0.008 0.002 0 0 0 0.008
0 0 0.021 0.027 0.158 0.022 0.177 0.009 0.011 0.055 0.079 0.362 0.022 0.026 0 0.004 0 0.007 0.002 0.005 0 0.005 0 0 0 0 0 0 0.003 0.006
0 0 0.026 0.037 0.056 0.103 0.018 0.117 0.03 0.025 0.048 0.103 0.357 0.019 0.014 0.005 0.003 0 0.007 0 0.005 0.002 0.007 0 0 0 0.008 0 0.007 0.003
0 0 0.008 0.178 0.066 0.024 0.071 0.01 0.109 0.021 0.019 0.042 0.101 0.288 0.011 0.012 0 0.009 0.003 0.002 0.003 0 0 0.002 0.003 0.003 0 0 0 0.018
0 0 0.031 0.025 0.132 0.054 0.026 0.075 0.008 0.11 0.022 0.021 0.03 0.088 0.292 0.025 0.006 0 0.006 0.003 0.005 0.004 0.003 0.002 0.005 0 0.005 0.005 0.012 0.007
0 0 0.013 0.108 0.033 0.145 0.048 0.01 0.071 0.006 0.094 0.018 0.011 0.031 0.077 0.274 0.017 0.004 0.004 0.007 0 0 0.001 0.008 0 0 0.001 0 0 0.018
0 0 0.057 0.022 0.099 0.014 0.102 0.037 0.009 0.064 0.01 0.103 0.018 0.016 0.03 0.079 0.301 0.008 0.005 0 0.005 0 0.005 0.002 0.001 0.001 0.004 0 0 0.007
0 0 0.026 0.21 0.042 0.061 0.012 0.094 0.036 0.009 0.039 0.004 0.078 0.008 0.004 0.022 0.077 0.216 0.015 0.006 0 0.011 0.005 0.004 0 0 0 0.006 0.004 0.012
0 0 0.038 0.106 0.168 0.039 0.081 0.013 0.051 0.023 0.015 0.06 0.012 0.062 0.01 0.015 0.018 0.043 0.22 0.001 0.003 0 0.006 0.002 0 0 0.002 0.002 0 0.01
