# Number of parameters = 224 Objective function value = 3187.61821254049  Maximum gradient component = 0.000296521719381920
# log_q_srv1:
2.42550210435
# log_q_srv2:
1.58139899559
# log_q_srv5:
2.38676716894
# log_q_srv6:
1.49392433233
# log_q_srv8:
1.86147208325
# logm:
-2.30258509299
# log_mean_rec:
1.46423669599
# sigr:
1.20000000000
# log_a50_fish1_f:
2.39912260911
# log_delta_fish1_f:
0.00000000000
# log_a50_fish1_m:
1.57895756682
# log_delta_fish1_m:
0.00000000000
# log_a50_fish2:
2.10000000000
# log_delta_fish2:
0.698740000000
# log_a50_fish3_f:
1.67678670368
# log_delta_fish3_f:
-0.0628544502126
# log_a50_fish3_m:
0.00000000000
# log_delta_fish3_m:
2.30157239486
# log_a50_fish4_f:
1.23389363657
# log_delta_fish4_f:
0.905636451243
# log_a50_fish4_m:
0.696922753762
# log_delta_fish4_m:
5.54345832642
# log_a50_srv1_f:
1.13268329470
# log_delta_srv1_f:
1.75000000000
# log_a50_srv1_m:
1.41948558818
# log_delta_srv1_m:
1.55000000000
# log_a50_srv2_f:
0.956710000000
# log_delta_srv2_f:
1.00000000000
# log_a50_srv2_m:
2.00000000000
# log_delta_srv2_m:
0.824300000000
# log_avg_F_fish1:
-2.44827967940
# log_F_devs_fish1:
 0.0135123857279 -0.833434591604 -0.639086530426 -0.740735493061 -0.370816436979 -0.442549635778 -0.747799817102 -0.718179947492 -0.379209160866 0.0834098588349 0.417382359023 0.505212007457 0.507383903972 0.388905636113 0.315875067809 0.254278592120 0.359089966927 0.302536634478 -0.212183846080 -0.311940950918 -0.382129223739 -0.332079456216 -0.340523996149 -0.0948333368210 -0.177590646206 -0.168085886324 -0.0250301476204 -0.00609765277417 -0.0629357540006 -0.0798315450533 0.0261061539953 -0.00662963195301 -0.0434221067155 -0.0512493537558 0.0863521575930 0.209848732671 0.270959023825 0.159554312631 0.209911769788 0.222569753914 0.250381263942 -0.567931885282 -0.602500686299 -0.663696900624 -0.435134436850 0.193236400314 -0.349159664218 -0.364428588010 -0.270188659680 -0.188910162384 -0.179962296731 -0.136403794890 -0.185420424828 -0.290695295232 -0.215083253764 -0.0931885516817 0.0443751980548 0.0159916632267 -0.0611672437889
# log_avg_F_fish3:
-4.41234387864
# log_F_devs_fish3:
 0.293899232427 -0.0372597421145 0.250270225602 0.437483714116 0.119836456474 -0.0645162782690 -0.604478194334 0.157871778765 -0.672446895776 0.866961012714 0.910390742117 1.21729142730 1.29432873994 1.12763962488 0.821314460859 0.968492794384 0.996785248678 1.16112290083 0.895233445211 0.767721549695 0.478715265958 0.522838686269 0.941200996843 0.914162767859 0.698675842694 0.806931719375 0.555400599286 0.301457526953 0.287751207802 -0.0459951227040 0.0768976237654 0.212074373944 0.309736891546 0.276437856758 0.477997645020 0.489455416470 0.495519750650 0.469206275611 0.654908345185 0.338673100674 0.482196089443 0.666646531180 -0.495485821956 -2.44994901237 -2.23424196689 -1.27326773604 -1.56981968835 -1.44810286086 -1.29014160079 -1.17513389091 -1.13409227890 -1.05164741652 -1.06317605986 -1.14598870779 -1.06377445444 -0.994440781531 -0.905171929691 -0.977145247301 -1.04725229654
# log_rec_dev:
 0.813953288549 0.812981938977 0.812158108342 0.811466956791 0.810398768009 0.808810723440 0.806679341415 0.803880385638 0.800350819120 0.796444737360 0.791344663117 0.784506747854 0.775185008159 0.761149389896 0.739908347707 0.710006732601 0.672476774485 0.661806446158 3.34033443090 -0.155764272050 -1.06640089053 -1.48999115618 -0.711091033824 2.01728516489 -1.20622012485 -0.889384675001 -2.37116900332 -2.31368452976 -2.58051714630 -3.01422235553 2.32329034045 0.958992967586 -0.605926431322 1.93097032925 1.26166983233 1.68758674663 -3.77052532661 0.588098663754 0.708279723190 -2.22771291602 -2.03886931595 -2.19262553621 1.17609524065 -4.72915316370 1.08701925256 -1.65942312419 -1.00897133399 -0.635558375992 0.568718991248 -4.74781044458 1.10495029535 0.438778063497 -0.914872495095 1.63844683618 -3.28414042878 0.228686663095 -1.37576955862 0.161128193878 -0.447151092861 -0.437087932814 -0.711794745652 0.642302388019 -1.42485962140 -0.111992942752 -4.72678414705 -0.688986972267 -0.646137045603 2.90933650434 1.52967910983 0.818202320900 0.818202314030 0.818202268227 0.818202308986 0.818202330444 0.818202319598 0.818202323186 0.818202305762 0.818202325159 0.818202303860 0.818202259970 0.818202332966 0.818202305769 0.818202312329 0.818202284733 0.818202303980 0.818202303669
# mF40:
0.102989904396
# mF35:
0.123477142016
