# Number of parameters = 224 Objective function value = 3251.69475795921  Maximum gradient component = 0.000330064971681429
# log_q_srv1:
2.34599862293
# log_q_srv2:
1.54307660683
# log_q_srv5:
2.32358186054
# log_q_srv6:
1.47201217145
# log_q_srv8:
1.77014473128
# logm:
-2.30258509299
# log_mean_rec:
1.62880955160
# sigr:
1.20000000000
# log_a50_fish1_f:
2.39042006685
# log_delta_fish1_f:
0.00000000000
# log_a50_fish1_m:
1.57333978246
# log_delta_fish1_m:
0.00000000000
# log_a50_fish2:
2.10000000000
# log_delta_fish2:
0.698740000000
# log_a50_fish3_f:
1.45279632781
# log_delta_fish3_f:
-0.227263908341
# log_a50_fish3_m:
0.00000000000
# log_delta_fish3_m:
2.30157239486
# log_a50_fish4_f:
1.11424293566
# log_delta_fish4_f:
1.22183651634
# log_a50_fish4_m:
0.702408075587
# log_delta_fish4_m:
4.59125906844
# log_a50_srv1_f:
1.14755791820
# log_delta_srv1_f:
1.75000000000
# log_a50_srv1_m:
1.24016455528
# log_delta_srv1_m:
1.55000000000
# log_a50_srv2_f:
0.956710000000
# log_delta_srv2_f:
1.00000000000
# log_a50_srv2_m:
2.00000000000
# log_delta_srv2_m:
0.824300000000
# log_avg_F_fish1:
-2.54270878544
# log_F_devs_fish1:
 -0.0128259283306 -0.791806403417 -0.573060567083 -0.670655876632 -0.293416949616 -0.397822720835 -0.694577887166 -0.657488273761 -0.317807935684 0.147400225998 0.482236745746 0.581349437677 0.540415639772 0.421716834821 0.375972513462 0.296857867088 0.400325576346 0.324417063404 -0.186608439225 -0.286407853596 -0.347345978011 -0.296124701221 -0.313222280725 -0.0641442014282 -0.157390995862 -0.153640468693 0.00339930182828 0.00120226971616 -0.0519603674279 -0.0562038229128 0.0527495132256 0.0186128790070 -0.0215477798579 -0.0300445173984 0.107585425051 0.216381809171 0.272200825427 0.158979253756 0.206216545286 0.212234134216 0.236251416584 -0.715683826656 -0.710925429685 -0.160512774565 1.61878237784 -0.733313686206 -0.364963833755 -0.261060055663 -0.180575275023 -0.230202462188 -0.245143304452 -0.297156332886 -0.407161580435 -0.381533152810 -0.320689225606 -0.321090562395 -0.208241755732 -0.102320285161 -0.0215648008092
# log_avg_F_fish3:
-4.42620145198
# log_F_devs_fish3:
 0.642833152405 0.194178726265 0.261835856410 0.392667051070 -0.0221405469901 -0.414265791512 -0.608072064221 0.342048995396 -0.701648907905 0.862520385714 0.982469304448 1.43866969053 1.48836007762 1.19658345724 0.982334831922 1.15576014402 0.997353542106 0.961342560830 0.928439980974 0.777180680177 0.603233300374 0.720900814488 0.957168897337 0.818350364253 0.721231741816 0.678527557537 0.533265605683 0.368272306153 0.144789182514 0.0687659717513 0.273990636871 0.316905405460 0.315554608872 0.277399826692 0.513827740829 0.487581378575 0.393673307594 0.529927434066 0.758255309538 0.206387496303 0.314107717455 0.380266210100 -0.998076775821 -1.97338961510 0.197098896807 -2.08658403326 -1.63097637725 -1.48864943366 -1.36520479240 -1.37365470833 -1.34348492003 -1.35375787494 -1.40830027690 -1.35378317122 -1.27726061624 -1.28341340785 -1.21731500512 -1.16960712478 -1.11447443685
# log_rec_dev:
 1.02347654855 1.02243310954 1.02213857338 1.02252440794 1.02246592790 1.02175457514 1.02068209810 1.01943379271 1.01768771603 1.01672960665 1.01542591981 1.01464896141 1.01369794165 1.00709682096 0.992012499414 0.967238423630 0.928599908889 0.885420500844 2.98428784980 -0.170020467367 -1.11499676114 -1.56509607585 -0.875147402223 1.86017110439 -1.25944656409 -0.956959536275 -2.41553319239 -2.35909736674 -2.62518615644 -3.07476041477 2.19466293495 0.825556072221 -0.751252549215 1.78569576262 1.12689260891 1.56588890125 -3.82470861943 0.499539838333 0.566676260247 -2.37694817598 -2.07263942331 -2.28950554813 1.04593373683 -4.75331617849 0.955608216703 -1.80408783654 -1.12602218511 -0.833149130253 0.434872257934 -4.91608620405 0.938931007484 0.332031516076 -1.23451666046 1.50911237297 -3.63028685152 0.141633922569 -1.65917461801 0.0260927866193 -0.550929134604 -0.577847971381 -0.871028692495 0.496797807975 -1.44313076699 -0.237567112277 -5.04203417162 -0.714883123281 -1.97633172533 2.85940046926 1.45753283328 1.02711179816 1.02711164060 1.02711244814 1.02711158076 1.02711194048 1.02711265461 1.02711282876 1.02711223544 1.02711183746 1.02711213385 1.02711135170 1.02711124732 1.02711357985 1.02711226317 1.02711193015 1.02711163192 1.02711192043
# mF40:
0.0979361425259
# mF35:
0.116968435733
