# Number of parameters = 194 Objective function value = 1638.36490288602  Maximum gradient component = 0.00548855184014788
# log_q_srv1:
2.50918292510
# log_q_srv2:
1.68341679249
# log_q_srv5:
2.05117694360
# log_q_srv6:
1.67615377810
# log_q_srv8:
2.00738096497
# logm:
-2.30258509299
# log_mean_rec:
1.41223007597
# sigr:
1.20000000000
# log_a50_fish1_f:
1.96772842338
# log_delta_fish1_f:
0.00000000000
# log_a50_fish1_m:
-0.676337447086
# log_delta_fish1_m:
0.00000000000
# log_a50_fish2:
2.10000000000
# log_delta_fish2:
0.698740000000
# log_a50_fish3_f:
1.55653933441
# log_delta_fish3_f:
-0.149239451878
# log_a50_fish3_m:
0.00000000000
# log_delta_fish3_m:
2.30157239486
# log_a50_fish4_f:
1.09940596921
# log_delta_fish4_f:
5.97482406584
# log_a50_fish4_m:
0.696619815829
# log_delta_fish4_m:
5.34695533076
# log_a50_srv1_f:
1.12651656787
# log_delta_srv1_f:
1.75000000000
# log_a50_srv1_m:
1.40463844375
# log_delta_srv1_m:
1.55000000000
# log_a50_srv2_f:
0.956710000000
# log_delta_srv2_f:
1.00000000000
# log_a50_srv2_m:
2.00000000000
# log_delta_srv2_m:
0.824300000000
# log_avg_F_fish1:
-2.54497771429
# log_F_devs_fish1:
 -0.0506548559356 -0.642192720619 -0.785037272451 -0.986565588128 -0.676454554166 -0.775053992547 -0.773862925944 -0.791552831736 -0.502410671827 -0.195844754569 0.0927044588704 0.298462782135 0.219477775035 0.193549985836 -0.00421971579269 0.00988544789824 0.134240014412 0.0967377606848 -0.0365707846262 -0.155485286913 -0.209560212282 -0.159286196364 -0.168287249548 0.0619078685952 -0.00706031971634 -0.0233330062462 0.121804587337 0.147731289013 0.0559353386324 0.0737404369013 0.171240878232 0.149869936324 0.108046436921 0.105738990410 0.238591728879 0.360536477895 0.405289411536 0.319076680368 0.364382104318 0.392047297853 0.393188831108 -0.361228410916 -0.431481789040 -0.315579362015 -0.181433745975 1.34687496914 -0.0481471393559 0.129166796415 0.238542536778
# log_avg_F_fish3:
-4.05522554150
# log_F_devs_fish3:
 0.210192575750 -0.172131777839 -0.0192157820036 0.146970567817 -0.169876468604 -0.509436099597 -0.902817521224 0.0422371967564 -0.888766946074 0.600108032558 0.673880460052 1.04215984769 1.15681832612 0.885884024553 0.593874078646 0.786037094287 0.723517307731 0.744087116086 0.591287817713 0.516404326840 0.251446545089 0.398160922107 0.728600837481 0.601112323314 0.442589733560 0.476435062897 0.240515293444 0.0761234092341 -0.0587657969433 -0.301649422805 -0.0618367814764 0.0165655500963 0.0613398605461 0.00203534990842 0.230449077156 0.232720366212 0.170219248287 0.213892656689 0.451587615121 0.0773359756597 0.224176197470 0.379515180473 -0.922777619566 -2.68383803111 -2.27327457696 -0.234142361832 -1.74893734761 -1.57349020794 -1.46732262925
# log_rec_dev:
 0.942507828237 0.945475195698 0.949709664053 0.955346720828 0.961699214273 0.968720228730 0.976885402691 0.986537692899 0.998184833842 1.01283695296 1.03023646571 1.05101479950 1.07726127516 1.10729549997 1.13987239673 1.17434516391 1.20793936296 3.32210577946 1.11326223552 0.0274259358435 -0.794382704885 -1.30919899311 -0.978851282580 1.93654780905 -1.10147640439 -0.594799946168 -2.24130990793 -2.09244059764 -2.41975772978 -2.99336456794 2.32661109216 0.884882680475 -1.27915348351 1.95873302845 1.30847742143 1.81752061438 -3.61548405734 0.746467722196 0.790319194846 -2.08095744000 -1.68547286365 -1.48940592837 1.28819239919 -4.59905183572 1.16947840503 -1.42760566637 -0.972644300499 -0.648899331110 0.582967436731 -4.72890817889 1.09789415206 0.473869221624 -0.958776195992 1.64249539925 -3.32802139305 0.273610999914 -1.45388245613 0.172019414823 -0.413607499817 -0.416699026839 -0.691216188491 0.651853760369 -1.42359885179 -0.0807675704107 -4.77574916420 -0.536170773741 -0.677019405206 2.76911325326 1.48271539529 0.926606048116 0.926605849547 0.926606183382 0.926606057317 0.926606108106 0.926605415370 0.926606034187
# mF40:
0.0993207720160
# mF35:
0.118848034257
