# Number of parameters = 471 Objective function value = 7005.40  Maximum gradient component = 6.38990e-005
# log_q_srv1:
2.14074513365
# log_q_srv2:
1.61097555850
# log_q_srv5_1:
1.70699035790
# log_q_srv5_2:
1.18522901944
# log_q_srv5_3:
1.29233648959
# log_q_srv6:
2.60920736368
# log_q_srv8_1:
1.70264857606
# log_q_srv8_2:
1.62181416940
# log_q_srv8_3:
2.04462323042
# logm1:
-2.30258509299
# logm2:
-2.30258509299
# logm3:
-2.30258509299
# log_mean_rec1:
-0.426848769334
# sigr:
1.20000000000
# log_a50_fish1_f:
0.832681534667
# log_delta_fish1_f:
0.884180000000
# log_a50_fish1_m:
2.28448156415
# log_delta_fish1_m:
0.513940000000
# log_a50_fish2:
2.10000000000
# log_delta_fish2:
0.786500000000
# log_a50_fish3_f:
1.74173878351
# log_delta_fish3_f:
1.40699803175
# log_a50_fish3_m:
0.00000000000
# log_delta_fish3_m:
1.33943296489
# log_a50_fish4_f1:
0.853173422428
# log_delta_fish4_f1:
0.884180000000
# log_a50_fish4_f2:
1.13243758256
# log_a50_fish4_f3:
1.43944388608
# log_a50_fish4_m1:
0.827366558659
# log_delta_fish4_m1:
1.14670868155
# log_a50_fish4_m2:
1.17627229088
# log_a50_fish4_m3:
1.29701630606
# log_a50_srv1_f:
1.18348420311
# log_delta_srv1_f:
1.75000000000
# log_a50_srv1_m:
1.15982044329
# log_delta_srv1_m:
1.55000000000
# log_a50_srv2_f:
0.956710000000
# log_delta_srv2_f:
1.00000000000
# log_a50_srv2_m:
2.00000000000
# log_delta_srv2_m:
0.824300000000
# log_avg_F_fish1:
 -2.39914608533 -2.46873735654 -2.35365319691
# log_F_devs_fish1:
 0.101558181284 -0.771991114849 -0.827973164822 -0.696257146709 -0.751170622040 -0.803027080730 -1.00476375141 -1.52724357826 -0.763749772179 -0.378157226130 -0.0877341891585 -0.308561874445 -0.325909892044 -0.550305696752 -0.566646335408 -0.600857461661 -0.832400341204 -1.16811773477 -0.908421390969 -1.02708385048 -1.01674789140 -1.08312064447 -1.07967546948 -0.899289437967 -0.827147983649 -0.602847784559 -0.597834013754 -0.768024639994 -0.711290325719 -0.675088497632 -0.662542720084 -0.873000340703 -0.891008700611 -0.961129514464 -1.01070803356 -1.09278115106 -1.22677991847 -1.52614694338 -1.82873966455
 0.353190521858 -0.0116666397130 -0.000799966014931 -0.267942285496 -0.171568267393 -0.583318255361 -0.727228386313 -0.680404873615 -0.720438504934 -0.142942777406 0.0133120664201 0.145077311184 0.163049691208 0.206940618721 0.199236361056 0.0909728573259 0.350424152270 0.184700209511 -0.200728707411 -0.278687732454 -0.237517280330 -0.170613946417 -0.0772483631244 0.0912651458767 0.0588620180867 0.0253845121768 0.188432543282 0.266898463839 0.101894038274 -0.0224482906882 -0.00498263668694 -0.0701014751285 -0.185763230463 -0.249698534501 -0.143939126347 0.0773774944922 0.0683754820995 -0.115076138803 -0.142189042778
 1.27335474490 0.298933363775 0.678890270849 0.164952091546 0.253156021541 -0.109342903100 -0.120828349882 -0.0799781697758 -0.387414416382 0.159717439866 0.453944589828 0.592231198277 0.616890749194 0.754724416204 0.590827035868 0.430284049524 0.544528648723 0.831649958213 0.507210670077 0.353312721295 0.0783908023963 0.122033518088 0.0803467250921 0.408077004023 0.284278953692 0.117228035972 0.138348636069 0.259939669283 0.108474396119 0.0668438253549 0.141217187811 0.166009586881 0.0364913656560 -0.0571849830423 0.134457789552 0.290789862703 0.376869949869 0.208754502584 0.239488407447
# log_avg_F_fish3:
 -4.81703012749 -3.90192168064 -5.87629613629
# log_F_devs_fish3:
 1.29445600709 0.483569748307 0.344174240787 0.431634680428 0.183581190171 0.357160692552 -0.109024790419 0.874705638935 -0.657208312263 1.22182549817 1.39331021045 1.56890647078 1.54856018724 1.02031481774 0.581083306798 -1.25775956494 -0.789933899487 0.720931271708 0.464297284004 -0.470480460383 -1.08264898936 -0.507140159987 0.462087859186 0.544670544277 0.404536410992 0.362173258167 0.207585386829 0.0415664673864 -0.0827382138393 -0.670553439962 -0.420929605042 -0.253883289236 -0.622002853998 -1.18788149396 -1.21224564418 -0.549322659167 -1.02783432803 -1.58450857560 -2.02503485894
 -1.24969564106 -1.43646309366 -0.908689437290 -0.218250095715 -1.40373234255 -1.48661414124 -1.30818529234 -1.74672842346 -1.02783661036 0.0623377829648 0.180799604384 0.583046969537 0.571696599597 0.493140732104 0.456265542742 0.765834223989 0.744222604421 0.793064411836 0.800879864633 0.755950574995 0.617701219819 0.675541719165 0.816277703805 0.876354179149 0.521379494124 0.727392910839 0.486406481789 0.0864668930549 0.0559793281900 -0.122598729824 -0.136467039721 -0.319455195798 -0.204029011824 -0.0682644250773 0.250905411119 0.0535242825300 -0.0478514515517 0.0933136430420 0.216378607703
 0.845206218550 0.0684183756143 0.775821868347 0.758827944028 0.807905120125 -6.96272029827 -7.06496247936 -7.20684797167 -1.41337921606 1.32416608860 1.01253488480 1.57985300628 1.37148485939 1.36966151623 0.836833702950 1.28529529111 1.19518054530 1.20482225330 1.08611074860 1.34435756678 1.00860868350 -0.117899737937 0.965610650994 -0.0136720787845 0.713748417599 0.247999172940 0.214442353871 0.145925769249 -0.724811586722 -0.00349476546279 -0.398813973720 -0.145286103779 0.280486609834 0.479724879919 0.285920760857 -0.133803757331 0.905776257336 0.824140851023 1.24682767820
# log_rec_dev1:
 -0.761556725708 -0.769903803250 -0.779633520479 -0.791220970458 -0.804782034197 -0.820597319169 -0.838884236360 -0.859812499976 -0.883305546314 -0.909356647811 -0.937748308342 -0.968073909322 -0.999377289839 -1.03046608975 -1.05899241877 -1.08172966433 -1.09425477509 -1.08469433695 -1.00857723628 4.10963271618 -0.406461114994 -1.62819313262 -1.85145020497 -1.36047405828 2.82091745176 -0.905220316053 -0.970184598739 2.56680622367 -0.854585667326 -1.49828048903 4.03459411241 2.73305764718 -0.955180307527 3.16627793847 -2.02492841093 -2.68505005648 -2.97881650537 -3.12776997787 -3.35634513498 -3.30882637669 -3.18833393791 -2.34684773043 -1.27356065316 2.21594317479 -1.96987414378 -2.06071785315 0.0638483435193 1.02177608200 1.95063236241 1.96923677165 -0.399496081875 -2.02471863110 -1.77317840050 2.85323482416 1.66462867457 0.578951630312 1.50505052149 1.18171889236 0.815646750444 1.27982528963 2.13896204297 2.48968371674 2.26488136430 1.69277058925 -1.76996297575 -1.40503359850
# log_rec_dev2:
 -0.756254925914 -0.763318525802 -0.771530197597 -0.781247146244 -0.792434166682 -0.805295638570 -0.820015741492 -0.836584643454 -0.854703319652 -0.874329578813 -0.895194611828 -0.916840049441 -0.938414977286 -0.958467264882 -0.974990332087 -0.984676792179 -0.983170554716 -0.960101935740 -0.878959121200 -0.629494172882 0.966900297056 -1.05203708685 -1.47417151749 -1.29794048130 -1.02629243309 3.62234534719 -1.11400208953 -1.72967007360 -1.86844319607 -1.74209629628 2.33599418839 2.68897629519 -1.42260499058 1.80735462750 3.78469041921 -1.00467908419 3.26103658414 2.32880193005 -2.36062470629 -1.73298034585 -1.53045688923 3.13423258372 -2.28048884027 -1.36970913307 2.38139932393 1.76100833007 0.680864665801 0.736474189858 -0.920264397726 -0.247306700213 2.65318286624 2.85855068347 2.27155488644 2.12441594723 0.693164756783 2.20296225376 -0.343212471958 1.84526528956 0.741496245848 1.69057395554 -1.05699484665 -2.29383585697 1.09867489630 1.22873897319 -2.24586722620 -1.68531865691
# log_rec_dev3:
 -0.733601448426 -0.736490188830 -0.739860158198 -0.743940026344 -0.748678913137 -0.754221123351 -0.760661792916 -0.767980420112 -0.776043258810 -0.784854656770 -0.794282789750 -0.804105030762 -0.813889746066 -0.822819585559 -0.829940485494 -0.833531839272 -0.831389241447 -0.818541282265 -0.777033662797 -0.658221267510 2.30776021720 -1.00447610468 -1.55673099207 -1.72114557911 -1.82828721743 -1.86456510663 -2.06423036137 -2.41330651238 -2.50352491823 -2.25115364919 -2.23219831357 -2.61828348288 -2.88995113028 -2.84157910544 -2.69533530943 -2.49689237662 -2.33379622565 -2.17282889895 -2.65096249975 -2.24617255356 -2.01341159122 -2.61308491040 -3.25230149452 -3.11746279551 -2.87265591427 -2.40117595860 -1.70435617904 -1.09137149818 0.268574064301 -2.32737025915 -2.72822283305 -2.47499220032 -2.78628789953 -2.66362441138 -2.35418843054 -2.34612138326 -2.65488526251 -2.77231658353 -2.74465923159 -2.43888294133 -2.18642926679 -2.77809842063 -1.74158524458 -1.97980646311 -2.56726254226 -1.81690135036
# mF50:
 0.0683807882817 0.0745547075940 0.0689759092292
# mF40:
 0.0964139386801 0.103800538463 0.0989107881150
# mF35:
 0.114722228362 0.122833468511 0.119061594296
