# Number of parameters = 224 Objective function value = nan  Maximum gradient component = 2442.21156531221
# log_q_srv1:
2.40129140398
# log_q_srv2:
1.61448981712
# log_q_srv5:
1.87337539271
# log_q_srv6:
1.63742378382
# log_q_srv8:
1.81953072199
# logm:
-2.30258509299
# log_mean_rec:
1.76931144118
# sigr:
1.20000000000
# log_a50_fish1_f:
1.40095104091
# log_delta_fish1_f:
0.00000000000
# log_a50_fish1_m:
-0.280709056852
# log_delta_fish1_m:
0.00000000000
# log_a50_fish2:
2.10000000000
# log_delta_fish2:
0.698740000000
# log_a50_fish3_f:
1.82820342443
# log_delta_fish3_f:
0.0294723525123
# log_a50_fish3_m:
0.00000000000
# log_delta_fish3_m:
2.30157239486
# log_a50_fish4_f:
1.09988050530
# log_delta_fish4_f:
4.63249856272
# log_a50_fish4_m:
0.798096492850
# log_delta_fish4_m:
1.89521123305
# log_a50_srv1_f:
1.12984975770
# log_delta_srv1_f:
1.75000000000
# log_a50_srv1_m:
1.38641724993
# log_delta_srv1_m:
1.55000000000
# log_a50_srv2_f:
0.956710000000
# log_delta_srv2_f:
1.00000000000
# log_a50_srv2_m:
2.00000000000
# log_delta_srv2_m:
0.824300000000
# log_avg_F_fish1:
-2.29808595307
# log_F_devs_fish1:
 -0.562649454905 -1.18253367980 -1.07308312470 -1.29227043219 -0.969221335837 -1.04816590667 -1.33872862960 -1.37913115757 -1.12222016612 -0.691076572006 -0.430422911504 -0.393883213606 -0.322526751634 -0.331417374104 -0.424499529597 -0.435612002108 -0.254381025479 -0.241548568389 -0.368111876016 -0.479187048674 -0.534588748056 -0.486986245702 -0.503508872727 -0.262938386327 -0.354072598000 -0.359172377332 -0.205154683700 -0.198836368159 -0.266984505446 -0.258829378154 -0.155779750351 -0.188589951867 -0.232902855848 -0.240206316153 -0.105232964650 0.00619397222080 0.0577615667976 -0.0405313028215 0.0100272351456 0.0285195282250 0.0400651162591 -0.814954326058 -0.843457874620 -0.493936152559 -0.591091418072 -0.528187677602 -0.515444971430 -0.392748144299 -0.388004609367 -0.357702270011 -0.393536586039 -0.524377398759 -0.597599165497 -0.593304057081 -0.463838672996 -0.335103237411 -0.258511952169 -0.193073343693 -0.0884263021610
# log_avg_F_fish3:
-4.54443618159
# log_F_devs_fish3:
 0.266936310735 -0.262704318886 0.156083003527 0.490613352006 0.254354556086 0.260226763401 -0.175644186741 0.351333546366 -0.578650111506 1.09983110804 1.09132494562 1.28385678303 1.19347153488 1.01409798063 0.769132652573 0.814775496078 0.839191459728 1.16365061927 1.02778667824 0.778617225890 0.513639526242 0.468594385057 0.876287683252 0.998089586040 0.855246918549 0.948428237469 0.768111800767 0.431016558854 0.388720554494 0.164167781086 0.0988726860456 0.154916936469 0.310856962840 0.367546402605 0.560180255473 0.550912290403 0.599748269932 0.634355638009 0.705017330697 0.525202101325 0.690431659800 0.876621084807 -0.136042580068 -1.67580980851 -2.11869733083 -2.00077691805 -1.72148446473 -1.38071190878 -1.29052482444 -1.23090344891 -1.20972258536 -1.25432639104 -1.20039746435 -1.14723498900 -1.09240586877 -1.01998223452 -0.995562239163 -0.958502941290 -0.868830717942
# log_rec_dev:
 1.05024522340 1.18118173081 1.39394828932 0.263092753106 1.05755105904 0.645427298469 1.38879294248 1.14755864226 0.855143441698 -2.23053532062 2.10607607761 0.677661277931 0.781908445627 2.17907967513 3.67018767127 2.34489272704 1.69261798879 3.42842089472 -0.966911002682 -1.82642283104 -1.34459380152 -1.49865202303 -0.890880234480 2.02350459832 -0.674137888233 -1.68965179586 -2.93272733700 -2.71944465120 -2.24116785084 -2.77376341541 2.02602020134 0.378964639746 -2.30282180833 1.68545758445 0.970918319143 1.54887588937 -3.80766263991 0.407194831119 0.554292399865 -2.98649601061 -1.90985076088 -1.70298921468 0.951246037940 -4.81471338577 0.870174573756 -1.78733925817 -1.27486347455 -0.958053462073 0.280537620604 -4.82022354583 0.808242897772 0.129578585507 -1.25363744883 1.34785590553 -3.84268539316 -0.0206871998776 -1.79778559372 -0.112485633302 -0.727245272351 -0.738060076012 -1.04084434335 0.350833751184 -1.68134750732 -0.465254897471 -5.29224924085 -0.932906711407 -1.22861391493 2.58269365600 1.22290959565 1.34299909615 1.33324930410 1.35755691944 1.39823304550 1.37102063161 1.28522769700 1.38872589976 1.31875676923 1.42831024839 1.38141707254 1.45030181940 1.30463848292 1.37998501484 1.32769747388 1.41116091065 1.43588451952 1.36945281439
# mF40:
0.0978262879014
# mF35:
0.118014808873
