# Number of parameters = 224 Objective function value = 5997.77628799779  Maximum gradient component = 2121.98216163110
# log_q_srv1:
2.34873612785
# log_q_srv2:
1.51332050219
# log_q_srv5:
2.37586528412
# log_q_srv6:
1.42742139893
# log_q_srv8:
1.82888531396
# logm:
-2.30258509299
# log_mean_rec:
2.35456031585
# sigr:
1.20000000000
# log_a50_fish1_f:
2.38494101967
# log_delta_fish1_f:
0.00000000000
# log_a50_fish1_m:
2.03578096393
# log_delta_fish1_m:
0.00000000000
# log_a50_fish2:
2.10000000000
# log_delta_fish2:
0.698740000000
# log_a50_fish3_f:
1.66607058864
# log_delta_fish3_f:
-0.0807474921736
# log_a50_fish3_m:
0.00000000000
# log_delta_fish3_m:
2.30157239486
# log_a50_fish4_f:
1.23870040869
# log_delta_fish4_f:
0.784377490187
# log_a50_fish4_m:
0.706219161539
# log_delta_fish4_m:
4.40009241067
# log_a50_srv1_f:
1.13116000484
# log_delta_srv1_f:
1.75000000000
# log_a50_srv1_m:
1.39005525045
# log_delta_srv1_m:
1.55000000000
# log_a50_srv2_f:
0.956710000000
# log_delta_srv2_f:
1.00000000000
# log_a50_srv2_m:
2.00000000000
# log_delta_srv2_m:
0.824300000000
# log_avg_F_fish1:
-2.29673008527
# log_F_devs_fish1:
 -0.0813961907576 -0.885170763648 -0.882488442989 -1.00813904420 -0.664074624698 -0.721048955976 -0.674996390532 -0.551769386919 -0.172145605291 0.135665481496 0.512809406821 0.762563049065 0.461060496392 0.316814352158 0.172288535196 0.104415201436 0.182010990543 0.0867953431050 -0.396402592343 -0.494753929277 -0.568603473322 -0.519968423078 -0.531211221695 -0.282152741449 -0.371728411520 -0.358715476514 -0.214503162833 -0.200021631820 -0.249257047800 -0.275377122692 -0.169814296213 -0.206444053443 -0.244743493460 -0.256160763665 -0.119139881811 0.000529835145663 0.0601850512513 -0.0610451125163 -0.0163064266723 -0.0165231260651 0.0175323649467 -0.770773465134 -0.714140543836 -0.489719147906 -0.415654591436 -0.623281511730 -0.679145068290 -0.854322610831 -0.891641292890 -0.738907086519 -0.570719049916 -0.463012542069 -0.385914030845 -0.268228780628 -0.194826350162 -0.136400381848 -0.234093912751 1.53490882073 -0.321039277288
# log_avg_F_fish3:
-4.52455703414
# log_F_devs_fish3:
 0.288106608299 -0.104451247788 0.161693747436 0.376035172725 0.0852268319344 -0.0760962602354 -0.591528705574 0.203111994885 -0.618434213609 0.915463634797 0.967864811591 1.26509513949 1.31079064676 1.10875420558 0.796949104563 0.930778177996 0.938062094381 1.10744085988 0.874604136711 0.768114903128 0.490571851747 0.547706857052 0.963744736947 0.938560183369 0.733511602024 0.853413192389 0.607543107905 0.365008109646 0.347836806217 0.0141703870442 0.151179423125 0.273606673840 0.365032909623 0.331193602670 0.532322434991 0.541259760301 0.540936005561 0.515235862461 0.701406110644 0.405160845437 0.592346844046 0.774242634415 -0.414955202098 -2.11488588012 -2.03392960545 -1.98136033619 -1.83406452291 -1.83656482254 -1.75430416014 -1.57418592574 -1.40962098546 -1.30747328230 -1.25241711808 -1.15967583337 -1.09175622754 -1.02505699059 -1.08590616642 0.778563216270 -1.20592342400
# log_rec_dev:
 1.83264594987 1.85924569310 1.65665218923 2.77174065107 2.72812553385 1.80471645132 1.74011369662 1.23313369098 2.14448280376 1.93583944666 1.77296572745 2.03627611959 1.79225336256 2.26133539506 1.90654977682 1.81015584223 1.47720608094 1.54481554992 2.27104829884 0.489892127608 -1.32789480231 -1.85013334463 -1.75913638068 0.997463224957 -1.85088656246 -1.77226426096 -2.98742058515 -3.04840169405 -3.35852517922 -3.70970603968 1.51928737723 0.101414392889 -1.89941355776 1.06712658918 0.319832038597 0.766622253324 -4.45141778644 -0.395698726267 -0.237628419565 -3.45970305270 -3.12172041897 -3.12912546420 0.318938974649 -5.30174785398 0.218267733533 -2.50282866677 -1.86829538981 -1.50478311497 -0.279624707353 -5.33178293706 0.242963921758 -0.423217720073 -1.77253678660 0.775465958136 -4.10834375959 -0.593562308853 -2.33555150341 -0.707653369587 -1.30012788924 -1.28844947084 -1.58537638351 -0.224186707985 -2.14376298369 -1.00062853572 -5.40707298111 -1.53248580357 -1.44907025682 2.02075435670 0.206836127711 2.27356672451 2.47678878533 2.16796242216 2.00524638542 1.90151054461 2.37270415751 2.01652372619 2.29811104556 1.90885175528 1.99053333796 1.87169671921 2.16070435573 1.99923523809 2.08203120957 1.87034831323 2.00350348673 1.99667986238
# mF40:
0.102741994650
# mF35:
0.122373702946
