# Number of parameters = 194 Objective function value = 1740.04917669254  Maximum gradient component = 0.000146375878688186
# log_q_srv1:
2.54122007942
# log_q_srv2:
1.67959649820
# log_q_srv5:
2.47473580673
# log_q_srv6:
1.60227578965
# log_q_srv8:
2.02369449751
# logm:
-2.30258509299
# log_mean_rec:
1.88915101831
# sigr:
1.20000000000
# log_a50_fish1_f:
2.42608673803
# log_delta_fish1_f:
0.00000000000
# log_a50_fish1_m:
0.580139290011
# log_delta_fish1_m:
0.00000000000
# log_a50_fish2:
2.10000000000
# log_delta_fish2:
0.698740000000
# log_a50_fish3_f:
1.62929431652
# log_delta_fish3_f:
-0.0878273558349
# log_a50_fish3_m:
0.00000000000
# log_delta_fish3_m:
2.30157239486
# log_a50_fish4_f:
1.18931022345
# log_delta_fish4_f:
0.912965844495
# log_a50_fish4_m:
0.701123463862
# log_delta_fish4_m:
4.80880689020
# log_a50_srv1_f:
1.12714412586
# log_delta_srv1_f:
1.75000000000
# log_a50_srv1_m:
1.40626325599
# log_delta_srv1_m:
1.55000000000
# log_a50_srv2_f:
0.956710000000
# log_delta_srv2_f:
1.00000000000
# log_a50_srv2_m:
2.00000000000
# log_delta_srv2_m:
0.824300000000
# log_avg_F_fish1:
-2.35641214525
# log_F_devs_fish1:
 -0.112987641976 -0.805177307224 -0.601371016771 -0.952729798018 -0.691540222569 -0.773090863623 -0.924280850266 -0.937254972826 -0.732139114503 -0.116371435603 0.252181805424 0.454971452534 0.512048929301 0.412242177487 0.380341698355 0.258615135746 0.356644684617 0.212694535903 -0.232725689919 -0.332778955487 -0.399638197486 -0.349654225745 -0.359456765471 -0.114642650922 -0.196917347602 -0.188423264002 -0.0430758044997 -0.0378783430984 -0.0911501893316 -0.101359981594 0.00524905290079 -0.0238022953035 -0.0567861676480 -0.0600495842236 0.0749387347025 0.190582378106 0.254598910547 0.153664992550 0.212371466611 0.226873355714 0.246223987747 -0.557723152669 -0.521126322455 -0.525912140023 0.246380485307 -0.280594432564 -0.426184482020 -0.212667326304 -0.0744843511208
# log_avg_F_fish3:
-4.06310993686
# log_F_devs_fish3:
 0.192890321710 -0.131549012710 0.0753461838990 0.221044055956 -0.107976289681 -0.363093867668 -0.879111606482 -0.0431324338301 -0.887850160572 0.636265459609 0.707608233771 1.04836032466 1.18068412582 0.993806162734 0.677619485305 0.863026689603 0.874200530726 0.959840226454 0.698022406485 0.610878227293 0.313013487836 0.406958315746 0.794622665337 0.706059526361 0.492857858795 0.565990054806 0.297995362782 0.0782295640183 0.0195546953571 -0.302326155864 -0.116012508736 0.00379156242254 0.0795012135392 0.0268951459620 0.239395110862 0.249249987399 0.227503665038 0.217176124571 0.427999884402 0.113016478980 0.291743709123 0.468368559272 -0.752880423537 -2.73711598596 -1.80818161102 -2.06833844841 -2.07124199062 -1.81556207416 -1.67514300804
# log_rec_dev:
 2.08402495088 2.06444875610 2.04247742904 2.01737914301 1.98744792750 1.95233685409 1.91176000950 1.86525536505 1.81246574643 1.75322969977 1.68626780983 1.61078399913 1.52608332864 1.43046544385 1.32299417644 1.20428339155 1.08120497075 1.02911904271 1.62247580883 -0.192339952444 -1.14512322562 -1.59129358926 -0.947905299204 1.47353209866 -1.37303437140 -1.07651130431 -2.48168703990 -2.37129746665 -2.65043120895 -3.12616531655 1.83482272498 0.534031965159 -0.751080008232 1.39764277698 0.788053943520 1.22884092637 -3.74539247001 0.234119023535 0.293324349957 -2.15925821411 -1.92885821311 -1.76804409118 0.789217089388 -4.88446831105 0.637862055836 -1.96643431213 -1.47466749769 -1.13343625621 0.0660366504101 -4.98865089749 0.594347961362 -0.0375431600791 -1.37257036356 1.15020220918 -3.54260954735 -0.255437415264 -1.88582800690 -0.311200982529 -0.918423985300 -0.941361054595 -1.11959011842 0.138686522937 -1.74446895969 -0.596177432714 -4.88901421072 -1.01917464959 -1.04046766638 2.28424983580 0.688512223830 2.18456495089 2.18456599470 2.18456456420 2.18456569802 2.18456690544 2.18456645484 2.18456581949
# mF40:
0.0998746704753
# mF35:
0.119582146391
