# Sablefish Model_1_single_area .dat file
# Model input parameters/vectors
#styr
1977
#endyr
2035
#recage
2
#nages
30
#nlenbins
30
#len_bin_labels
41 43 45 47 49 51 53 55 57 59 61 63 65 67 69 71 73 75 77 79 81 83 85 87 89 91 93 95 97 99
#spawn_fract
1
#natmort
#testdat$natmort
#p_mature
0.006083885 0.023843063 0.076916038 0.19831158 0.393646519 0.604336724 0.765348989 0.864708591 0.920670269 0.951682904 0.96921586 0.979475535 0.985715607 0.989658818 0.992241742 0.993990254 0.995209671 0.996083126 0.996723891 0.99720407 0.997570789 0.997855613 0.998080165 0.998259566 0.998404595 0.998523068 0.998620752 0.99870196 0.998769965 1
#wt_m
0.971715586 1.456610048 1.877666845 2.216248989 2.476126923 2.669769481 2.811274969 2.913338963 2.986303936 3.038149188 3.074833056 3.100713565 3.118935223 3.131746354 3.140744588 3.147060361 3.151491197 3.1545986 3.156777345 3.158304712 3.159375318 3.160125696 3.1606516 3.161020166 3.161278459 3.161459467 3.161586315 3.161675206 3.161737498 3.161781151
#wt_f
0.916819778 1.477123278 2.052195835 2.598202155 3.090971733 3.520478614 3.885686957 4.190661834 4.441940672 4.646893835 4.812779804 4.946254777 5.053162923 5.138490103 5.20640581 5.260347147 5.303117714 5.336986373 5.363778285 5.384954987 5.401682719 5.414889559 5.425312496 5.433535815 5.440022136 5.445137382 5.449170763 5.452350711 5.454857574 5.456833673
# Observed Catches
#n_yrs_catch
59
#fixed_catch
18.9 9.2 10.4 8.4 11 10.2 10.2 10.3 13 21.6 27.6 29.3 27.5 25.532 23.34333 20.98879 22.9117 20.63911 18.23827701 15.32050261 13.11783079 12.55654749 11.73794583 13.84521178 12.65488752 12.92114484 14.51934017 16.22424019 15.50683207 14.79719923 15.19640785 13.71291076 12.28339635 11.34530473 12.0829866 13.19010345 13.02344047 10.87009891 10.20493412 9.337048448 10.17719574 10.199707 15.38 17.4405584333542 22.9043391098999 23.3663751680421 21.891486772849 19.4662220386943 20.6357256639908 20.9403410882151 20.2861909464927 18.8400748576135 18.3136511624432 17.544427265952 16.1519074545028 15.7426030455034 15.8608063032446 14.5153248823097 15.0225149603293
#trawl_catch
2.5 1.2 1.5 2 1.6 1.8 1.6 3.8 1.5 7.3 7.6 9.1 7.3 4.684 3.09735 2.90987 2.5056 2.93761 2.61261 2.18716 1.63152 1.48726 1.98451 2.01939 1.7829 2.24311 2.060234 1.656416 1.556249 1.246329 1.235386 1.122057 1.056729 1.004606413 1.179263986 1.101838999 1.037226431 1.025381258 1.08472707 1.338367787 2.279894053 3.429496172 1.5 0.333141566645799 0.41156089010011 0.415624831957862 0.39331322715099 0.359377961305695 0.393474336009209 0.413158911784879 0.414309053507293 0.397425142386512 0.398148837556771 0.389672734047973 0.363592545497235 0.361996954496569 0.37089369675536 0.337775117690271 0.345385039670707
# Domestic longline survey RPN, aka srv3
#nyrs_domLLsurv
46
#yrs_domLLsurv
1990 1991 1992 1993 1994 1995 1996 1997 1998 1999 2000 2001 2002 2003 2004 2005 2006 2007 2008 2009 2010 2011 2012 2013 2014 2015 2016 2017 2018 2019 2020 2021 2022 2023 2024 2025 2026 2027 2028 2029 2030 2031 2032 2033 2034 2035
#obs_domLLsurv_biom
928.302368357955 855.616291175153 850.724887411059 743.514279939542 753.336799242436 773.446634157802 698.880026331538 604.853365336865 612.327586130007 520.708938074419 505.560422054755 491.107476738185 535.944815247012 518.325134833956 564.835175717346 654.961394768015 587.076075636127 583.955939779519 504.82865229992 478.089867466367 408.878809255801 382.82459392912 376.093736258492 371.093352713699 350.064571763746 301.208031782353 265.686132515457 232.253762728543 492.69754400749 912.156463372701 1178.81258323118 1182.22126203902 1115.49061590687 1121.0009491601 926.003939012332 1063.34431341851 900.708694335113 746.336189660906 730.738990183714 696.176906859884 611.778862921187 616.699340791543 654.338919434904 551.120123281156 647.184172215599 694.469795549908
#obs_domLLsurv_se
92.8302368357955 85.5616291175153 85.0724887411059 74.3514279939542 75.3336799242436 77.3446634157802 69.8880026331538 60.4853365336865 61.2327586130007 52.0708938074419 50.5560422054755 49.1107476738185 53.5944815247012 51.8325134833956 56.4835175717346 65.4961394768015 58.7076075636127 58.3955939779519 50.482865229992 47.8089867466367 40.8878809255801 38.282459392912 37.6093736258492 37.10933527137 35.0064571763746 30.1208031782353 26.5686132515457 23.2253762728543 49.269754400749 91.2156463372701 117.881258323118 118.222126203902 111.549061590687 112.10009491601 92.6003939012332 106.334431341851 90.0708694335113 74.6336189660906 73.0738990183714 69.6176906859884 61.1778862921187 61.6699340791543 65.4338919434904 55.1120123281156 64.7184172215599 69.4469795549908
#obs_domLLsurv_lci
742.641894686364 684.493032940122 680.579909928848 594.811423951634 602.669439393948 618.757307326242 559.10402106523 483.882692269492 489.862068904005 416.567150459535 404.448337643804 392.885981390548 428.755852197609 414.660107867165 451.868140573877 523.969115814412 469.660860508902 467.164751823615 403.862921839936 382.471893973093 327.103047404641 306.259675143296 300.874989006793 296.87468217096 280.051657410997 240.966425425882 212.548906012365 185.803010182834 394.158035205992 729.725170698161 943.050066584941 945.777009631216 892.392492725496 896.800759328081 740.803151209866 850.675450734804 720.566955468091 597.068951728725 584.591192146971 556.941525487907 489.42309033695 493.359472633235 523.471135547923 440.896098624925 517.747337772479 555.575836439926
#obs_domLLsurv_uci
1113.96284202955 1026.73954941018 1020.86986489327 892.217135927451 904.004159090923 928.135960989362 838.656031597846 725.824038404238 734.793103356008 624.850725689303 606.672506465706 589.328972085823 643.133778296414 621.990161800747 677.802210860815 785.953673721618 704.491290763353 700.747127735422 605.794382759904 573.70784095964 490.654571106961 459.389512714944 451.31248351019 445.312023256439 420.077486116496 361.449638138823 318.823359018548 278.704515274251 591.237052808988 1094.58775604724 1414.57509987741 1418.66551444682 1338.58873908824 1345.20113899212 1111.2047268148 1276.01317610221 1080.85043320214 895.603427593087 876.886788220456 835.41228823186 734.134635505425 740.039208949852 785.206703321885 661.344147937387 776.621006658718 833.363754659889
# Japanese/coop longline survey RPNs by area, aka srv4
#nyrs_coopLLsurv
16
#yrs_coopLLsurv
1979 1980 1981 1982 1983 1984 1985 1986 1987 1988 1989 1990 1991 1992 1993 1994
#obs_coopLLsurv_biom
413 387 458 613 621 685 903 838 667 707 661 449 386 402 395 366
#obs_coopLLsurv_se
41.3 38.7 45.8 61.3 62.1 68.5 90.3 83.8 66.7 70.7 66.1 44.9 38.6 40.2 39.5 36.6
#obs_coopLLsurv_lci
330.4 309.6 366.4 490.4 496.8 548 722.4 670.4 533.6 565.6 528.8 359.2 308.8 321.6 316 292.8
#obs_coopLLsurv_uci
495.6 464.4 549.6 735.6 745.2 822 1083.6 1005.6 800.4 848.4 793.2 538.8 463.2 482.4 474 439.2
# Domestic Longline Fishery CPUE (RPW), aka srv5
#nyrs_LLfish
45
#yrs_LLfish
1990 1991 1992 1993 1994 1995 1996 1997 1998 1999 2000 2001 2002 2003 2004 2005 2006 2007 2008 2009 2010 2011 2012 2013 2014 2015 2016 2017 2018 2019 2020 2021 2022 2023 2024 2025 2026 2027 2028 2029 2030 2031 2032 2033 2034
#obs_LLfish_biom
2139.95951570484 1821.07771486848 2063.78052988773 1939.00812904674 2056.94019734641 2381.1741269943 1677.10335597659 1667.33391832 1444.88836403585 1406.15840532803 1444.18360320417 1508.76754155386 1455.29801936885 1261.90770906285 1263.56610435042 1579.56569340047 1516.12510908705 1173.37802745821 1362.38540353908 1351.90397202138 957.633148733473 944.905130255698 1014.93322855057 932.364082033397 954.640478176403 742.447780005604 687.139552241538 1056.240218125 981.573457338037 1544.63915655728 1283.22180538403 1649.85303474238 1409.88969348887 1530.06679158069 1348.99770009431 1367.53029462125 1268.21500882865 1614.32337367115 1154.58461665151 1150.76776471936 1411.25098100846 1345.34606970385 1007.17393268473 1244.53266974494 1106.2104570312
#obs_LLfish_se
213.995951570484 182.107771486848 206.378052988773 193.900812904674 205.694019734641 238.11741269943 167.710335597659 166.733391832 144.488836403585 140.615840532803 144.418360320417 150.876754155386 145.529801936885 126.190770906285 126.356610435042 157.956569340047 151.612510908705 117.337802745821 136.238540353908 135.190397202138 95.7633148733473 94.4905130255698 101.493322855057 93.2364082033397 95.4640478176403 74.2447780005604 68.7139552241538 105.6240218125 98.1573457338037 154.463915655728 128.322180538403 164.985303474238 140.988969348887 153.006679158069 134.899770009431 136.753029462125 126.821500882865 161.432337367115 115.458461665151 115.076776471936 141.125098100846 134.534606970385 100.717393268473 124.453266974494 110.62104570312
#obs_LLfish_lci
1711.96761256387 1456.86217189478 1651.02442391018 1551.20650323739 1645.55215787713 1904.93930159544 1341.68268478127 1333.867134656 1155.91069122868 1124.92672426242 1155.34688256334 1207.01403324309 1164.23841549508 1009.52616725028 1010.85288348033 1263.65255472037 1212.90008726964 938.702421966566 1089.90832283126 1081.5231776171 766.106518986779 755.924104204559 811.946582840457 745.891265626718 763.712382541122 593.958224004483 549.711641793231 844.992174499999 785.25876587043 1235.71132524583 1026.57744430723 1319.8824277939 1127.9117547911 1224.05343326455 1079.19816007545 1094.024235697 1014.57200706292 1291.45869893692 923.667693321211 920.614211775491 1129.00078480677 1076.27685576308 805.739146147786 995.626135795955 884.96836562496
#obs_LLfish_uci
2567.95141884581 2185.29325784217 2476.53663586527 2326.80975485609 2468.32823681569 2857.40895239316 2012.5240271719 2000.80070198399 1733.86603684302 1687.39008639364 1733.02032384501 1810.52104986463 1746.35762324261 1514.28925087542 1516.2793252205 1895.47883208056 1819.35013090445 1408.05363294985 1634.8624842469 1622.28476642565 1149.15977848017 1133.88615630684 1217.91987426069 1118.83689844008 1145.56857381168 890.937336006724 824.567462689846 1267.48826175 1177.88814880564 1853.56698786874 1539.86616646084 1979.82364169085 1691.86763218665 1836.08014989682 1618.79724011317 1641.0363535455 1521.85801059438 1937.18804840538 1385.50153998182 1380.92131766324 1693.50117721015 1614.41528364463 1208.60871922168 1493.43920369393 1327.45254843744
# Japanese LL fishery RPW, aka srv6
#nyrs_JPfish
5
#yrs_JPfish
1977 1978 1979 1980 1981
#obs_JPfish_biom
1511 942 809 1040 1343
#obs_JPfish_se
151.1 94.2 80.9 104 134.3
#obs_JPfish_lci
1208.8 753.6 647.2 832 1074.4
#obs_JPfish_uci
1813.2 1130.4 970.8 1248 1611.6
# Domestic LL/Fixed gear fishery age compositions, oac_fish1
#nyrs_LLfish_age
36
#yrs_LLfish_age
1999 2000 2001 2002 2003 2004 2005 2006 2007 2008 2009 2010 2011 2012 2013 2014 2015 2016 2017 2018 2019 2020 2021 2022 2023 2024 2025 2026 2027 2028 2029 2030 2031 2032 2033 2034
#nsamples_LLfish_age_bsaiwgcgeg
20 20 20 20 20 20 20 20 20 20 20 20 20 20 20 20 20 20 20 30 30 30 30 30 30 30 30 30 30 30 30 30 30 30 30 30
#oac_LLfish_bsaiwgcgeg
0 0.003 0.112 0.055 0.036 0.032 0.162 0.004 0.097 0.01 0.031 0.01 0.057 0.087 0.002 0.055 0.031 0.06 0.006 0.036 0.061 0.005 0.002 0.002 0.001 0.004 0.001 0.015 0.002 0.024
0 0.024 0.014 0.146 0.088 0.044 0.032 0.133 0.003 0.133 0.019 0.006 0.007 0.054 0.034 0.002 0.086 0.028 0.049 0.005 0.011 0.047 0.001 0.001 0 0 0.001 0 0.009 0.024
0 0.028 0.188 0.037 0.124 0.056 0.038 0.019 0.114 0.005 0.07 0.024 0.016 0.006 0.03 0.031 0.002 0.065 0.022 0.035 0.01 0.015 0.038 0.001 0.001 0 0.001 0.001 0 0.024
0.001 0.01 0.129 0.212 0.015 0.147 0.032 0.018 0.012 0.117 0.003 0.051 0.01 0.005 0.002 0.012 0.015 0.001 0.066 0.009 0.022 0.007 0.025 0.044 0.01 0.007 0.001 0 0 0.017
0 0.046 0.089 0.121 0.253 0.017 0.109 0.013 0.021 0.008 0.077 0.001 0.047 0.028 0.003 0.003 0.026 0.021 0.002 0.018 0.013 0.02 0.004 0.009 0.029 0.001 0 0 0 0.018
0 0.011 0.329 0.059 0.103 0.166 0.004 0.059 0.016 0.004 0.004 0.043 0.001 0.037 0.007 0.003 0.004 0.02 0.015 0 0.051 0.013 0.014 0.001 0.009 0.015 0 0.001 0 0.013
0 0.012 0.05 0.36 0.097 0.054 0.129 0.008 0.044 0.018 0.005 0.009 0.05 0.002 0.029 0.016 0.003 0.001 0.013 0.013 0.001 0.019 0.004 0.012 0.008 0.003 0.025 0.002 0 0.015
0 0.003 0.114 0.064 0.312 0.051 0.087 0.112 0.002 0.048 0.023 0.012 0.002 0.023 0 0.019 0.006 0.003 0.001 0.009 0.012 0.002 0.016 0.011 0.02 0.004 0.01 0.018 0.001 0.014
0 0.008 0.042 0.1 0.047 0.303 0.046 0.096 0.115 0.006 0.052 0.03 0.003 0.001 0.047 0 0.026 0.008 0 0.004 0.009 0.008 0 0.008 0.008 0.007 0.002 0.002 0.012 0.01
0 0.013 0.084 0.047 0.121 0.035 0.215 0.053 0.059 0.131 0.002 0.035 0.022 0.019 0.015 0.023 0.003 0.031 0.003 0.003 0.004 0.009 0.008 0.001 0.013 0.009 0.011 0.003 0.007 0.023
0 0.019 0.121 0.126 0.027 0.089 0.028 0.249 0.034 0.049 0.071 0.003 0.032 0.017 0.011 0.009 0.015 0.002 0.019 0.003 0 0.001 0.005 0.01 0.001 0.012 0.005 0.01 0 0.033
0.005 0.009 0.058 0.075 0.13 0.046 0.114 0.03 0.181 0.043 0.075 0.054 0.001 0.037 0.019 0.005 0.003 0.031 0.001 0.024 0.003 0.002 0 0.008 0.006 0 0.01 0.002 0.007 0.02
0 0.029 0.12 0.083 0.065 0.055 0.04 0.087 0.038 0.119 0.029 0.063 0.112 0.001 0.026 0.005 0.001 0.007 0.019 0 0.032 0.003 0.001 0.001 0.008 0.008 0 0.009 0.004 0.035
0 0.011 0.207 0.079 0.09 0.073 0.083 0.029 0.042 0.014 0.138 0.035 0.033 0.056 0.002 0.023 0.005 0.004 0.003 0.021 0.001 0.008 0.001 0 0.001 0.002 0.006 0 0.007 0.023
0 0.028 0.048 0.211 0.072 0.054 0.08 0.057 0.029 0.06 0.003 0.101 0.02 0.043 0.053 0.007 0.023 0.011 0.008 0.001 0.015 0.001 0.009 0.006 0.001 0.003 0.011 0.006 0.001 0.039
0 0.001 0.133 0.039 0.185 0.093 0.09 0.054 0.044 0.015 0.054 0.019 0.129 0.014 0.024 0.023 0.001 0.014 0.003 0.004 0.002 0.006 0.002 0.016 0.003 0 0 0.004 0.004 0.024
0 0.025 0.008 0.138 0.057 0.14 0.096 0.062 0.047 0.068 0.039 0.034 0.017 0.112 0.008 0.023 0.052 0.003 0.015 0.006 0.007 0.008 0.005 0 0.004 0 0 0 0.001 0.028
0.005 0.028 0.139 0.01 0.114 0.039 0.136 0.055 0.057 0.032 0.057 0.025 0.028 0.017 0.1 0.009 0.01 0.054 0.004 0.026 0.005 0.002 0.001 0.007 0 0.007 0.001 0.002 0.002 0.028
0 0.297 0.162 0.083 0.014 0.087 0.043 0.087 0.009 0.011 0.019 0.034 0.004 0.023 0.015 0.045 0.004 0.006 0.016 0.002 0.001 0.002 0.003 0.002 0.006 0.001 0.006 0 0 0.019
0 0.015 0.741 0.044 0.029 0.001 0.025 0.006 0.036 0.006 0.011 0.008 0.007 0.003 0.01 0.004 0.013 0.001 0.006 0.012 0 0.005 0 0 0 0.002 0 0.006 0 0.009
0 0.006 0.173 0.641 0.037 0.018 0.002 0.019 0.006 0.029 0.008 0.004 0.007 0.003 0.001 0.006 0.003 0.014 0.001 0.008 0.003 0 0.004 0.001 0.001 0 0.001 0 0 0.003
0 0.005 0.029 0.232 0.572 0.05 0.032 0.001 0.01 0.002 0.015 0.002 0.008 0.003 0.005 0 0.008 0 0.015 0.002 0.004 0.001 0 0.002 0 0 0 0.001 0 0.003
0 0 0.033 0.039 0.147 0.621 0.046 0.018 0.004 0.008 0.004 0.019 0.008 0.006 0.01 0.003 0.002 0.007 0.002 0.011 0.002 0.001 0.005 0 0 0 0 0 0.002 0.001
0 0.004 0.054 0.023 0.069 0.18 0.52 0.028 0.025 0 0.012 0.004 0.017 0.006 0.004 0.002 0.006 0.003 0.002 0.004 0.014 0 0.008 0.003 0.002 0.004 0.002 0.003 0.002 0.002
0 0.002 0.079 0.046 0.045 0.059 0.169 0.498 0.017 0.014 0.001 0.012 0.003 0.015 0.004 0.005 0.005 0.005 0.002 0.003 0 0.004 0.001 0 0 0 0 0 0 0.011
0 0.005 0.085 0.1 0.026 0.023 0.061 0.134 0.441 0.054 0.014 0.004 0.006 0.004 0.013 0.004 0 0.002 0.012 0.004 0 0 0.002 0.006 0.002 0 0 0 0 0
0 0 0.03 0.125 0.097 0.045 0.013 0.037 0.132 0.405 0.045 0.021 0.005 0.009 0 0.007 0.004 0.005 0 0.004 0 0 0 0 0.003 0.005 0 0 0 0.01
0 0 0.063 0.031 0.154 0.107 0.074 0.005 0.024 0.137 0.346 0.012 0.009 0.009 0.006 0 0.001 0.002 0.001 0.005 0 0.004 0 0 0.001 0 0 0.001 0 0.009
0 0.003 0.034 0.039 0.061 0.098 0.099 0.037 0.028 0.043 0.126 0.348 0.019 0.009 0 0.017 0 0.004 0.002 0 0.005 0.002 0.005 0.003 0 0.008 0.001 0 0.008 0.001
0 0.009 0.036 0.06 0.047 0.049 0.073 0.076 0.039 0.027 0.033 0.12 0.325 0.031 0.002 0 0.014 0.009 0.016 0 0.005 0 0 0 0.007 0 0.007 0 0 0.018
0 0 0.132 0.027 0.031 0.048 0.03 0.083 0.062 0.035 0.023 0.034 0.107 0.326 0.022 0.009 0 0 0 0.009 0 0 0 0 0.002 0 0 0.012 0.004 0.003
0 0.01 0.01 0.134 0.034 0.066 0.053 0.015 0.076 0.053 0.036 0.019 0.02 0.102 0.305 0.017 0.009 0 0.012 0.003 0.006 0 0 0.006 0 0 0.003 0 0 0.01
0 0.008 0.061 0.001 0.138 0.019 0.035 0.042 0.014 0.065 0.066 0.041 0.018 0.028 0.092 0.299 0.006 0.008 0 0.009 0.006 0.011 0.004 0.004 0.004 0.004 0.004 0 0 0.012
0 0.011 0.122 0.059 0.008 0.121 0.019 0.034 0.038 0.019 0.039 0.046 0.024 0.018 0.01 0.074 0.281 0.025 0.011 0 0.005 0.002 0.014 0.003 0 0 0 0 0.006 0.009
0 0.031 0.066 0.121 0.056 0.006 0.119 0.038 0.016 0.012 0.016 0.057 0.064 0.031 0.006 0.026 0.074 0.223 0.006 0.001 0 0.004 0.008 0.006 0 0 0.001 0.004 0 0.009
0 0.007 0.168 0.084 0.095 0.049 0.001 0.062 0.021 0.039 0.028 0.004 0.027 0.037 0.017 0.007 0.031 0.074 0.198 0.016 0.009 0 0.006 0.002 0.003 0.005 0.002 0 0 0.008
# Domestic LL survey Age Compositions
#nyrs_domLLsurv_age
39
#yrs_domLLsurv_age
1996 1997 1998 1999 2000 2001 2002 2003 2004 2005 2006 2007 2008 2009 2010 2011 2012 2013 2014 2015 2016 2017 2018 2019 2020 2021 2022 2023 2024 2025 2026 2027 2028 2029 2030 2031 2032 2033 2034
#nsamples_domLLsurv_age_bsaiwgcgeg
20 20 20 20 20 20 20 20 20 20 20 20 20 20 20 20 20 20 20 20 20 20 30 30 30 30 30 30 30 30 30 30 30 30 30 30 30 30 30
#oac_domLLsurv_bsaiwgcgeg
0 0 0.007 0.185 0.006 0.192 0.041 0.018 0.021 0.055 0.047 0.005 0.096 0.044 0.092 0.02 0.019 0.106 0.005 0.001 0.002 0 0.001 0 0.009 0.003 0.001 0 0 0.024
0 0 0.01 0.044 0.209 0.009 0.126 0.024 0.019 0.009 0.078 0.055 0.003 0.099 0.056 0.076 0.01 0.025 0.091 0.004 0.006 0.003 0.001 0.001 0 0.007 0 0 0 0.033
0 0 0.033 0.061 0.045 0.165 0.008 0.138 0.031 0.017 0.009 0.077 0.041 0.002 0.103 0.041 0.046 0.015 0.028 0.086 0.001 0.001 0 0 0 0.001 0.02 0.001 0.003 0.026
0 0 0.045 0.082 0.069 0.043 0.152 0.002 0.141 0.018 0.022 0.007 0.047 0.032 0.003 0.057 0.042 0.038 0.015 0.026 0.07 0.004 0.008 0.001 0 0 0.001 0.022 0.014 0.04
0 0.001 0.012 0.203 0.07 0.043 0.048 0.149 0.004 0.085 0.017 0.009 0.013 0.032 0.043 0.004 0.053 0.025 0.038 0.007 0.014 0.075 0.002 0.001 0.004 0 0.014 0.001 0.011 0.024
0 0 0.088 0.019 0.172 0.078 0.02 0.019 0.111 0.004 0.129 0.031 0.02 0.011 0.023 0.029 0.001 0.061 0.039 0.035 0.004 0.02 0.039 0.002 0.004 0 0 0.001 0 0.037
0 0 0.037 0.306 0.016 0.163 0.052 0.019 0.004 0.07 0.003 0.084 0.004 0.001 0.001 0.03 0.03 0.002 0.041 0.015 0.036 0.002 0.01 0.036 0.001 0.003 0.006 0 0 0.027
0 0.003 0.029 0.18 0.245 0.014 0.127 0.027 0.012 0.006 0.062 0.002 0.038 0.008 0.005 0.004 0.036 0.015 0.001 0.071 0.014 0.028 0.005 0.016 0.033 0.001 0 0.001 0 0.017
0 0 0.129 0.094 0.122 0.233 0.029 0.077 0.007 0.004 0.003 0.058 0.008 0.045 0.006 0.008 0.005 0.016 0.019 0.004 0.033 0.011 0.019 0.003 0.006 0.036 0.003 0.001 0 0.019
0 0 0.01 0.306 0.053 0.117 0.161 0.004 0.051 0.021 0.018 0.01 0.038 0 0.055 0.008 0.003 0.002 0.012 0.017 0.001 0.022 0.015 0.029 0.003 0.007 0.024 0.001 0 0.012
0 0 0.029 0.044 0.355 0.069 0.086 0.138 0.005 0.032 0.01 0.003 0.013 0.031 0.002 0.031 0.014 0.005 0.005 0.011 0.009 0 0.012 0.027 0.018 0.004 0.006 0.017 0.001 0.022
0 0 0.018 0.128 0.057 0.29 0.039 0.062 0.115 0.022 0.013 0.011 0.011 0.01 0.058 0 0.036 0.003 0.006 0.002 0.008 0.014 0.005 0.014 0.019 0.009 0.003 0.012 0.02 0.016
0 0 0.052 0.073 0.126 0.044 0.213 0.052 0.094 0.12 0.017 0.029 0.023 0.002 0.008 0.043 0 0.017 0.007 0.003 0.004 0.011 0.006 0.001 0.016 0.004 0.011 0.002 0.004 0.019
0 0 0.024 0.141 0.041 0.076 0.041 0.224 0.038 0.103 0.104 0.008 0.017 0.011 0.001 0.009 0.022 0.001 0.021 0.007 0.003 0.004 0.006 0.018 0.001 0.015 0.017 0.015 0.002 0.029
0 0 0.019 0.097 0.13 0.055 0.107 0.025 0.166 0.072 0.048 0.096 0.002 0.03 0.002 0.024 0.005 0.011 0.003 0.024 0.008 0.005 0.002 0.01 0.007 0.002 0.012 0.008 0.01 0.022
0 0.004 0.043 0.096 0.11 0.091 0.047 0.074 0.022 0.164 0.034 0.056 0.063 0.003 0.035 0.016 0.005 0.008 0.027 0 0.013 0.005 0.001 0.001 0.007 0.008 0 0.023 0.003 0.04
0 0 0.079 0.073 0.106 0.055 0.106 0.022 0.066 0.026 0.2 0.056 0.02 0.051 0.002 0.025 0.008 0.005 0.01 0.018 0.002 0.017 0.001 0.001 0.001 0.003 0.005 0 0.004 0.039
0 0 0.026 0.263 0.067 0.079 0.056 0.069 0.025 0.057 0.014 0.106 0.029 0.059 0.04 0 0.024 0.01 0.002 0.005 0.014 0.001 0.02 0 0.001 0 0.002 0.004 0 0.026
0 0 0.082 0.103 0.194 0.086 0.045 0.029 0.097 0.013 0.055 0.02 0.072 0.038 0.036 0.031 0.001 0.007 0.006 0.003 0.001 0.027 0 0.006 0.004 0 0.001 0.009 0.002 0.032
0 0 0.013 0.171 0.068 0.179 0.065 0.052 0.027 0.04 0.021 0.036 0.016 0.116 0.023 0.037 0.036 0.001 0.023 0.004 0.011 0.004 0.007 0 0.006 0 0.002 0.001 0.006 0.036
0 0 0.047 0.019 0.151 0.064 0.152 0.05 0.062 0.055 0.052 0.018 0.042 0.018 0.099 0.02 0.039 0.036 0.004 0.016 0.004 0.001 0.002 0.013 0 0.004 0.001 0.003 0.002 0.027
0 0.005 0.077 0.151 0.02 0.107 0.045 0.152 0.045 0.035 0.045 0.041 0.011 0.037 0.026 0.076 0.008 0.018 0.031 0.003 0.021 0.005 0.003 0.001 0.006 0.001 0.006 0 0 0.023
0 0 0.474 0.128 0.069 0.004 0.047 0.029 0.063 0.024 0.02 0.008 0.011 0.007 0.006 0.007 0.04 0.012 0.009 0.013 0.002 0.002 0.006 0.003 0.002 0.003 0 0 0 0.012
0 0 0.032 0.72 0.073 0.042 0.013 0.012 0.008 0.018 0.015 0.004 0.012 0.01 0 0.007 0 0.017 0.003 0 0 0 0 0.002 0 0 0 0 0 0.012
0 0 0.022 0.161 0.671 0.033 0.025 0 0.016 0.008 0.011 0.005 0.008 0.002 0.006 0.001 0 0 0.011 0.002 0.007 0.003 0 0.003 0 0.002 0 0 0 0.002
0 0 0.008 0.053 0.202 0.586 0.035 0.016 0.003 0.011 0.004 0.017 0.007 0.005 0.002 0.004 0.003 0.002 0.003 0.015 0.001 0.007 0.007 0 0 0 0.003 0.002 0.003 0
0 0 0.011 0.021 0.087 0.193 0.568 0.029 0.016 0.001 0.011 0.006 0.014 0.006 0.007 0.003 0.004 0.003 0.001 0 0.008 0 0 0.003 0 0 0 0.002 0 0.006
0 0 0.026 0.062 0.01 0.056 0.192 0.51 0.054 0.016 0.003 0.011 0.009 0.018 0.004 0.002 0.001 0.012 0.004 0.002 0 0.001 0.003 0.003 0 0 0 0 0 0.002
0 0 0.03 0.126 0.055 0.021 0.034 0.134 0.473 0.04 0.022 0.003 0.013 0.004 0.005 0.003 0.003 0.004 0.004 0 0 0 0.008 0.002 0.003 0.005 0 0 0 0.004
0 0 0.011 0.103 0.149 0.062 0.044 0.018 0.102 0.38 0.022 0.014 0 0.034 0.005 0.011 0 0.005 0.003 0.009 0 0.008 0 0.007 0 0 0.004 0 0.002 0.007
0 0 0.005 0.014 0.15 0.096 0.058 0.019 0.052 0.123 0.371 0.028 0.011 0 0.015 0.012 0.007 0 0.003 0 0.005 0 0.008 0 0.002 0.004 0.005 0.003 0.005 0.003
0 0 0.017 0.059 0.02 0.13 0.071 0.042 0.02 0.051 0.108 0.375 0.04 0.012 0 0.01 0.005 0.014 0.004 0 0.001 0 0 0 0.001 0.007 0 0 0.001 0.011
0 0 0.014 0.057 0.029 0.022 0.104 0.093 0.036 0.019 0.049 0.113 0.359 0.018 0.021 0 0.008 0 0.007 0.008 0 0.002 0.005 0 0.006 0 0.009 0.005 0.007 0.009
0 0 0.042 0.048 0.069 0.074 0.031 0.053 0.075 0.029 0.019 0.042 0.083 0.341 0.022 0.009 0 0.003 0.012 0.014 0.003 0 0 0.01 0 0 0.002 0.005 0 0.016
0 0 0 0.113 0.035 0.038 0.035 0.02 0.06 0.066 0.04 0.023 0.04 0.105 0.34 0.022 0.001 0 0.01 0.005 0.016 0.005 0.003 0.003 0.005 0.001 0.004 0 0.001 0.01
0 0 0.017 0.005 0.138 0.038 0.041 0.041 0.023 0.072 0.046 0.029 0.013 0.037 0.067 0.359 0.023 0.011 0 0.001 0.001 0.01 0.007 0.004 0 0 0 0.001 0.004 0.012
0 0 0.04 0.063 0.008 0.116 0.046 0.067 0.022 0.006 0.064 0.065 0.045 0.02 0.02 0.089 0.255 0.011 0.006 0 0.006 0.001 0.022 0.004 0 0 0.001 0.004 0 0.017
0 0 0.001 0.155 0.071 0.004 0.104 0.011 0.037 0.044 0.022 0.048 0.025 0.022 0.011 0.019 0.087 0.251 0.024 0.012 0 0.011 0.005 0.01 0 0.005 0.004 0 0 0.015
0 0 0.081 0.091 0.125 0.052 0.006 0.103 0.031 0.05 0.019 0.009 0.039 0.033 0.02 0.006 0.02 0.05 0.214 0.01 0.007 0.004 0.007 0.001 0 0.001 0.007 0 0.004 0.011
