# Number of parameters = 224 Objective function value = 3167.86257772814  Maximum gradient component = 0.000405329906237061
# log_q_srv1:
2.32970582141
# log_q_srv2:
1.53970617599
# log_q_srv5:
2.38672418428
# log_q_srv6:
1.44781830718
# log_q_srv8:
1.79298555085
# logm:
-2.30258509299
# log_mean_rec:
1.64654425421
# sigr:
1.20000000000
# log_a50_fish1_f:
2.46131802397
# log_delta_fish1_f:
0.00000000000
# log_a50_fish1_m:
1.35137137559
# log_delta_fish1_m:
0.00000000000
# log_a50_fish2:
2.10000000000
# log_delta_fish2:
0.698740000000
# log_a50_fish3_f:
1.72399629470
# log_delta_fish3_f:
-0.0325264619959
# log_a50_fish3_m:
0.00000000000
# log_delta_fish3_m:
2.30157239486
# log_a50_fish4_f:
1.19487509452
# log_delta_fish4_f:
1.01255710468
# log_a50_fish4_m:
0.697624973875
# log_delta_fish4_m:
5.30759700536
# log_a50_srv1_f:
1.15211451693
# log_delta_srv1_f:
1.75000000000
# log_a50_srv1_m:
1.21901683256
# log_delta_srv1_m:
1.55000000000
# log_a50_srv2_f:
0.956710000000
# log_delta_srv2_f:
1.00000000000
# log_a50_srv2_m:
2.00000000000
# log_delta_srv2_m:
0.824300000000
# log_avg_F_fish1:
-2.51404390079
# log_F_devs_fish1:
 0.250204937221 -0.689180925520 -0.602850226103 -0.717561421446 -0.328028602613 -0.649623558299 -0.747772878783 -0.709055391376 -0.547755158076 0.0107509285332 0.289352818239 0.552059765381 0.624397600496 0.455610958838 0.372707081589 0.375480206537 0.499893620945 0.323999270140 -0.215264552267 -0.319898084367 -0.388099179861 -0.336352636624 -0.344852909422 -0.101064161135 -0.181674681682 -0.175093019951 -0.0284023661235 -0.00575071210131 -0.0719227073705 -0.0852227635462 0.0213338583690 -0.0105701797660 -0.0507638707231 -0.0610127829475 0.0756869001825 0.195794220749 0.247400438013 0.134804539753 0.178227699500 0.189450815022 0.232699167586 -0.583659622333 -0.609418014404 -0.449465683976 -0.279135835457 -0.313656885968 -0.388458099190 -0.261721640041 -0.221234665769 -0.270807420411 -0.299509035093 -0.304128864462 -0.295447013588 -0.221222904449 -0.154076844515 -0.115177875058 -0.0178313202712 0.0771939067218 0.0550526313731
# log_avg_F_fish3:
-4.46741276060
# log_F_devs_fish3:
 0.301794460172 -0.0574451327293 0.284155409998 0.489633879771 0.166595957240 0.0400755994861 -0.503263825422 0.166627745925 -0.671255160431 0.920432342781 0.949965559568 1.22906750050 1.26562339763 1.12836822440 0.833790717650 0.948691515198 0.994829769059 1.22566323014 0.965884366306 0.785173825606 0.512222924227 0.514612172403 0.946222079387 0.964932779727 0.747663196906 0.850293804157 0.616830970629 0.319572992094 0.317190966126 -0.00435964449609 0.0392106538929 0.169520110030 0.289540748105 0.280888300781 0.469693765907 0.477614171811 0.504415186755 0.480821822309 0.635375320216 0.374009778304 0.533621321447 0.727882678543 -0.365560287503 -2.16268112287 -2.14488047224 -1.91642493417 -1.70061196664 -1.44949030226 -1.32247227670 -1.27915111740 -1.25748741285 -1.24188478223 -1.22776382216 -1.14936533047 -1.07818354798 -1.05778212580 -0.983055393778 -0.925311660045 -0.970078839896
# log_rec_dev:
 1.06242985237 1.05880736951 1.05513071727 1.05138742038 1.04656588373 1.04033681994 1.03263874726 1.02313121729 1.01190560247 0.999713501934 0.985352440646 0.968079239474 0.946905545921 0.919101744514 0.881894620154 0.834919765090 0.786917377751 0.867070663066 2.77540331567 -0.262365669808 -1.12566158368 -1.53739226127 -0.740780567185 1.85242550447 -1.23383926636 -0.785470902264 -2.39747047378 -2.29700061590 -2.56812469639 -3.04805751926 2.17171781594 0.859594925714 -0.525013344314 1.74625646233 1.08301163495 1.54208987566 -3.76009990294 0.526030855480 0.580486533806 -2.25688024303 -1.89310753164 -2.02343983661 1.05925442203 -4.77388217485 0.923064196106 -1.82231525443 -1.15672607300 -0.871067158693 0.414603569398 -4.95914302988 0.923922084309 0.293854190864 -1.37656399973 1.49544718447 -3.70932307612 0.109653022716 -1.74328642814 0.0247951371737 -0.583803141071 -0.607380179947 -0.919128243575 0.490781889740 -1.69904107592 -0.258525722783 -5.06315400812 -0.827714176186 -1.96858133385 2.76977542994 1.22319514063 1.07980482137 1.07980527392 1.07980571905 1.07980483891 1.07980513029 1.07980516279 1.07980536445 1.07980516742 1.07980477243 1.07980548127 1.07980539283 1.07980518894 1.07980505935 1.07980504955 1.07980527739 1.07980533050 1.07980474008
# mF40:
0.101136293371
# mF35:
0.121104294179
