# Number of parameters = 209 Objective function value = 2186.15179303931  Maximum gradient component = 0.000161868056186954
# log_q_srv1:
2.27148593682
# log_q_srv2:
1.68828182233
# log_q_srv5:
2.30915202537
# log_q_srv6:
1.61167087976
# log_q_srv8:
1.73603335540
# logm:
-2.30258509299
# log_mean_rec:
0.742385793177
# sigr:
1.20000000000
# log_a50_fish1_f:
2.30527191979
# log_delta_fish1_f:
0.00000000000
# log_a50_fish1_m:
1.91316117137
# log_delta_fish1_m:
0.00000000000
# log_a50_fish2:
2.10000000000
# log_delta_fish2:
0.698740000000
# log_a50_fish3_f:
1.72682262770
# log_delta_fish3_f:
-0.0342833924981
# log_a50_fish3_m:
0.00000000000
# log_delta_fish3_m:
2.30157239486
# log_a50_fish4_f:
1.18614243366
# log_delta_fish4_f:
1.03034375779
# log_a50_fish4_m:
0.698137755552
# log_delta_fish4_m:
5.22674464466
# log_a50_srv1_f:
1.15797993319
# log_delta_srv1_f:
1.75000000000
# log_a50_srv1_m:
1.19142534994
# log_delta_srv1_m:
1.55000000000
# log_a50_srv2_f:
0.956710000000
# log_delta_srv2_f:
1.00000000000
# log_a50_srv2_m:
2.00000000000
# log_delta_srv2_m:
0.824300000000
# log_avg_F_fish1:
-2.52239839124
# log_F_devs_fish1:
 0.0655510878778 -0.732575183262 -0.499110473476 -0.602367147252 -0.320725641712 -0.376423215622 -0.252658314734 -0.0927633265627 -0.0747685532471 0.527649407691 0.975539561134 0.814412888564 0.681124137579 0.611936894869 0.587285513498 0.462371138516 0.564792090666 0.597453031748 0.0754197809435 -0.0472283412626 -0.127381064994 -0.0818687790012 -0.112747576020 0.118779724438 0.000885729633541 -0.0286549172274 0.101489977389 0.0766845112902 -0.0179743256679 -0.0519315772378 0.0360870638593 -0.0183445923880 -0.0824603723173 -0.116667556593 -0.00870538773218 0.0737858756863 0.0919750205719 -0.0474841469176 -0.0326896918420 -0.0411993284257 0.0198417676435 -0.707605849212 -0.708764789970 -0.217830563071 -0.200913503410 -0.263723589133 0.0920894369219 -0.240020004494 -0.198198855840 0.0423178281438 -0.171281451498 -0.0678384020055 0.191227832918 0.0381251120898
# log_avg_F_fish3:
-4.35252573331
# log_F_devs_fish3:
 0.128514690799 -0.281174258406 0.0789832914092 0.330036685166 0.0486565445232 -0.0375248800891 -0.547647501842 0.128343873929 -0.710201224543 0.886006220937 0.922683346070 1.20543938592 1.22639659675 1.07120245112 0.766389697509 0.861354557746 0.896147519105 1.12825161348 0.871614660185 0.695090410206 0.412220376205 0.408568491298 0.828344577813 0.834112401649 0.611508561064 0.706771787663 0.466168335806 0.161519538897 0.158341086804 -0.172733996342 -0.142913900405 -0.0250206290706 0.0799839117900 0.0525234580518 0.219854409465 0.203193273466 0.205385382254 0.161512300620 0.292575472965 0.112286290744 0.301500779319 0.511514888020 -0.539990569961 -1.96646016053 -2.12390073318 -1.95386089174 -1.23202368229 -1.41191470934 -1.34309036129 -1.02325422373 -1.21230970003 -1.23643549222 -1.01316940696 -0.999370201222
# log_rec_dev:
 0.00620017404529 0.00719722533841 0.00851059263209 0.0102074345618 0.0121586619838 0.0143709908168 0.0169472719145 0.0199392644331 0.0234831179700 0.0281214986698 0.0336672508355 0.0401474996370 0.0473672018890 0.0545359586769 0.0605898358640 0.0648397719669 0.0658949486361 0.0616275630131 4.37375350555 0.00710203400312 -0.886085882886 -1.36963660702 -1.02944228229 2.56385868341 -0.590214055032 -1.46529146074 -1.92679998038 -2.23430836704 -2.39023897462 -2.60123893784 2.94360893557 1.62931368680 0.323889510782 2.55617472527 1.80255232938 2.25404953330 -3.24998705182 1.16917211374 1.42350992946 -2.02219558459 -1.24775053994 -2.33657655509 1.92386525799 -4.29418909886 1.85224340520 -0.891266611388 -0.0876525057961 0.131423320354 1.40452333133 -4.38749327906 1.91313295311 1.27446393536 -0.565303239402 2.48312790992 -3.14270504352 1.13832149788 -0.773698827129 1.07437789304 0.452660001610 0.496823042121 0.207955749812 1.55497846404 -0.419537587694 0.857509546334 -4.38909962668 0.315674146266 -1.77328901181 3.69818938292 2.33334314862 0.244536456427 -0.608335347813 -2.68689167013 1.43516897763 -3.15658558286 1.27880378889 1.34246262427 -0.340081111002 -0.349304383585 -0.0775537034792 2.33740902745 -0.0810322012561
# mF40:
0.101174069835
# mF35:
0.121106089373
