# Number of parameters = 224 Objective function value = 4191.00290396287  Maximum gradient component = 0.000414160365221705
# log_q_srv1:
2.38313237044
# log_q_srv2:
1.54810164138
# log_q_srv5:
2.36582047542
# log_q_srv6:
1.46998000781
# log_q_srv8:
1.81506127707
# logm:
-2.30258509299
# log_mean_rec:
1.73010343026
# sigr:
1.20000000000
# log_a50_fish1_f:
2.37757038611
# log_delta_fish1_f:
0.00000000000
# log_a50_fish1_m:
1.89791470708
# log_delta_fish1_m:
0.00000000000
# log_a50_fish2:
2.10000000000
# log_delta_fish2:
0.698740000000
# log_a50_fish3_f:
1.69851423668
# log_delta_fish3_f:
-0.0468194940884
# log_a50_fish3_m:
0.00000000000
# log_delta_fish3_m:
2.30157239486
# log_a50_fish4_f:
1.06895698264
# log_delta_fish4_f:
1.28370841104
# log_a50_fish4_m:
0.699016877567
# log_delta_fish4_m:
5.00987716348
# log_a50_srv1_f:
1.14705680080
# log_delta_srv1_f:
1.75000000000
# log_a50_srv1_m:
1.21709090476
# log_delta_srv1_m:
1.55000000000
# log_a50_srv2_f:
0.956710000000
# log_delta_srv2_f:
1.00000000000
# log_a50_srv2_m:
2.00000000000
# log_delta_srv2_m:
0.824300000000
# log_avg_F_fish1:
-2.56860653886
# log_F_devs_fish1:
 0.0720229304760 -0.799654020452 -0.582869020058 -0.687612550848 -0.313779673628 -0.417871841431 -0.358236748585 -0.217758205596 -0.201996330227 0.395446294500 0.861190611042 0.892383420836 0.664281153801 0.476130911957 0.508455699289 0.359678166825 0.429562732249 0.360331026035 -0.132897945135 -0.225494806435 -0.285358840493 -0.234536357523 -0.256881856221 -0.00397818996903 -0.110385899484 -0.103931707969 0.0574997940725 0.0344676201691 -0.00207532537364 -0.00812765390465 0.104387657508 0.0674863578153 0.0305222891029 0.0232164990279 0.161391431425 0.259926364201 0.325711227775 0.217102088663 0.276309268231 0.290738760052 0.319863602412 -0.669125250596 -0.582680801194 -0.0502765261083 0.0113470249560 -0.186298565655 -0.174012920644 -0.159322362898 -0.171370440518 -0.193499423907 -0.265016748229 -0.410935381014 -0.447184223053 -0.484572314546 -0.494005177627 -0.477160089198 -0.221942232891 -0.0663686892103 0.0443007705286
# log_avg_F_fish3:
-4.51488753568
# log_F_devs_fish3:
 0.299795744022 -0.100948329763 0.198345990923 0.412587061008 0.117621423043 -0.0124263549882 -0.539087955809 0.187510155369 -0.637308809326 0.929208844255 0.963138667353 1.25209239586 1.29332058870 1.12608682502 0.833062098497 0.956734574300 0.983628826566 1.18525424153 0.939918625848 0.799816811285 0.528939677548 0.558909321064 0.990440593916 0.996141244496 0.791179685553 0.903718416227 0.668060430382 0.393413511537 0.386136413110 0.0593207748968 0.142730395452 0.271290560346 0.378911536958 0.359358929230 0.554785460667 0.564757764267 0.583429820753 0.560801009688 0.741864981506 0.437464494933 0.599611642290 0.793074333426 -0.337770227034 -1.85122518876 -1.90619862300 -1.83036996166 -1.56566537233 -1.45169582023 -1.40813729631 -1.37721326447 -1.37197904004 -1.43976453423 -1.41262143111 -1.40418577697 -1.35520775966 -1.35355108057 -1.19603308662 -1.13087024018 -1.06020366077
# log_rec_dev:
 1.29407271765 1.29441378686 1.29561447041 1.29770177743 1.29958470035 1.30113158596 1.30235024978 1.30310650528 1.30319315046 1.30388011875 1.30282252281 1.29834729183 1.28761938824 1.26484220625 1.22382388775 1.16172431772 1.07615690308 0.980027956181 2.64242393614 0.0425954369884 -1.07131129667 -1.59101879776 -1.09206600776 1.63149353174 -1.42118671669 -1.35029174729 -2.55543598716 -2.58493001547 -2.81634700841 -3.16074307370 2.09794359274 0.722922298792 -1.08264567991 1.68094555760 0.958149635536 1.40527289146 -3.99705955089 0.259470624231 0.356668763420 -2.86458986206 -2.44776040821 -2.61623801372 0.916686684214 -4.82835100074 0.838257019649 -1.96499021522 -1.23315771667 -0.984616008332 0.311778792845 -5.01132508821 0.812276880500 0.213045365681 -1.53317349498 1.38950595435 -3.69500327897 0.0217140017395 -1.82607640219 -0.0818596390681 -0.685396006158 -0.690519153781 -1.02924303953 0.385723357620 -1.67184635822 -0.387212550929 -5.22662128245 -0.892742864843 -2.47288401329 2.68285529281 0.952245598006 1.29142627661 1.29142679096 1.29142569126 1.29142667378 1.29142700433 1.29142626798 1.29142678202 1.29142707512 1.29142618715 1.29142664332 1.29142721580 1.29142662593 1.29142640659 1.29142731059 1.29142677847 1.29142714723 1.29142664927
# mF40:
0.0957985487416
# mF35:
0.114277555887
