# Sablefish Model_1_single_area .dat file
# Model input parameters/vectors
#styr
1977
#endyr
2030
#recage
2
#nages
30
#nlenbins
30
#len_bin_labels
41 43 45 47 49 51 53 55 57 59 61 63 65 67 69 71 73 75 77 79 81 83 85 87 89 91 93 95 97 99
#spawn_fract
1
#natmort
#testdat$natmort
#p_mature
0.006083885 0.023843063 0.076916038 0.19831158 0.393646519 0.604336724 0.765348989 0.864708591 0.920670269 0.951682904 0.96921586 0.979475535 0.985715607 0.989658818 0.992241742 0.993990254 0.995209671 0.996083126 0.996723891 0.99720407 0.997570789 0.997855613 0.998080165 0.998259566 0.998404595 0.998523068 0.998620752 0.99870196 0.998769965 1
#wt_m
0.971715586 1.456610048 1.877666845 2.216248989 2.476126923 2.669769481 2.811274969 2.913338963 2.986303936 3.038149188 3.074833056 3.100713565 3.118935223 3.131746354 3.140744588 3.147060361 3.151491197 3.1545986 3.156777345 3.158304712 3.159375318 3.160125696 3.1606516 3.161020166 3.161278459 3.161459467 3.161586315 3.161675206 3.161737498 3.161781151
#wt_f
0.916819778 1.477123278 2.052195835 2.598202155 3.090971733 3.520478614 3.885686957 4.190661834 4.441940672 4.646893835 4.812779804 4.946254777 5.053162923 5.138490103 5.20640581 5.260347147 5.303117714 5.336986373 5.363778285 5.384954987 5.401682719 5.414889559 5.425312496 5.433535815 5.440022136 5.445137382 5.449170763 5.452350711 5.454857574 5.456833673
# Observed Catches
#n_yrs_catch
54
#fixed_catch
18.9 9.2 10.4 8.4 11 10.2 10.2 10.3 13 21.6 27.6 29.3 27.5 25.532 23.34333 20.98879 22.9117 20.63911 18.23827701 15.32050261 13.11783079 12.55654749 11.73794583 13.84521178 12.65488752 12.92114484 14.51934017 16.22424019 15.50683207 14.79719923 15.19640785 13.71291076 12.28339635 11.34530473 12.0829866 13.19010345 13.02344047 10.87009891 10.20493412 9.337048448 10.17719574 10.199707 15.38 162.554705288216 913.984790327309 18.2265974951904 3.42477915110703 5.64000677406053 75.0578735594669 332.831756055054 1151.06605802881 595.764046886798 583.067164298995 338.337809926178
#trawl_catch
2.5 1.2 1.5 2 1.6 1.8 1.6 3.8 1.5 7.3 7.6 9.1 7.3 4.684 3.09735 2.90987 2.5056 2.93761 2.61261 2.18716 1.63152 1.48726 1.98451 2.01939 1.7829 2.24311 2.060234 1.656416 1.556249 1.246329 1.235386 1.122057 1.056729 1.004606413 1.179263986 1.101838999 1.037226431 1.025381258 1.08472707 1.338367787 2.279894053 3.429496172 1.5 3.09029471178393 16.5482096726914 0.324802504809608 0.0614108488929724 0.10269322593947 1.39632644053313 6.23524394494576 21.6439419711867 11.1459531132015 10.3658357010051 5.63019007382232
# Domestic longline survey RPN, aka srv3
#nyrs_domLLsurv
41
#yrs_domLLsurv
1990 1991 1992 1993 1994 1995 1996 1997 1998 1999 2000 2001 2002 2003 2004 2005 2006 2007 2008 2009 2010 2011 2012 2013 2014 2015 2016 2017 2018 2019 2020 2021 2022 2023 2024 2025 2026 2027 2028 2029 2030
#obs_domLLsurv_biom
822.324983892871 727.853736670369 698.051328798502 594.875619611669 606.051435128522 596.620890433389 533.095166038064 461.326402546771 483.099660504026 408.666122621669 408.055474351743 409.890315406986 467.201247926677 457.376405116926 505.416294723891 599.092184755721 535.665281466771 541.350623260569 464.19499840081 445.633937011824 390.956190543289 378.710189225407 382.904771252307 385.599050386293 372.189820100278 335.037178775478 314.393274342791 288.865449910219 561.862415769185 1348.80409085858 1437.39817821965 989.01559614313 318.682353813171 403.278839302271 406.534297424873 515.536957025149 520.521171588676 259.040005275046 172.841079531131 126.142744795622 107.881027575304
#obs_domLLsurv_se
82.2324983892871 72.7853736670369 69.8051328798502 59.4875619611669 60.6051435128522 59.6620890433389 53.3095166038064 46.1326402546771 48.3099660504026 40.8666122621669 40.8055474351743 40.9890315406986 46.7201247926677 45.7376405116926 50.5416294723891 59.9092184755721 53.5665281466771 54.1350623260569 46.419499840081 44.5633937011824 39.0956190543289 37.8710189225407 38.2904771252307 38.5599050386293 37.2189820100278 33.5037178775478 31.4393274342791 28.8865449910219 56.1862415769185 134.880409085858 143.739817821965 98.901559614313 31.8682353813171 40.3278839302271 40.6534297424873 51.5536957025149 52.0521171588676 25.9040005275046 17.2841079531131 12.6142744795622 10.7881027575304
#obs_domLLsurv_lci
657.859987114297 582.282989336295 558.441063038802 475.900495689336 484.841148102817 477.296712346711 426.476132830451 369.061122037417 386.479728403221 326.932898097335 326.444379481395 327.912252325589 373.760998341341 365.901124093541 404.333035779112 479.273747804577 428.532225173417 433.080498608455 371.355998720648 356.50714960946 312.764952434631 302.968151380326 306.323817001846 308.479240309035 297.751856080222 268.029743020383 251.514619474233 231.092359928175 449.489932615348 1079.04327268687 1149.91854257572 791.212476914504 254.945883050537 322.623071441817 325.227437939898 412.429565620119 416.416937270941 207.232004220037 138.272863624905 100.914195836497 86.3048220602434
#obs_domLLsurv_uci
986.789980671445 873.424484004443 837.661594558202 713.850743534003 727.261722154226 715.945068520067 639.714199245676 553.591683056125 579.719592604831 490.399347146003 489.666569222092 491.868378488383 560.641497512012 548.851686140311 606.499553668669 718.910621706865 642.798337760125 649.620747912683 557.033998080972 534.760724414189 469.147428651947 454.452227070489 459.485725502768 462.718860463552 446.627784120333 402.044614530574 377.271929211349 346.638539892262 674.234898923022 1618.5649090303 1724.87781386358 1186.81871537176 382.418824575805 483.934607162725 487.841156909847 618.644348430179 624.625405906411 310.848006330055 207.409295437357 151.371293754746 129.457233090365
# Japanese/coop longline survey RPNs by area, aka srv4
#nyrs_coopLLsurv
16
#yrs_coopLLsurv
1979 1980 1981 1982 1983 1984 1985 1986 1987 1988 1989 1990 1991 1992 1993 1994
#obs_coopLLsurv_biom
413 387 458 613 621 685 903 838 667 707 661 449 386 402 395 366
#obs_coopLLsurv_se
41.3 38.7 45.8 61.3 62.1 68.5 90.3 83.8 66.7 70.7 66.1 44.9 38.6 40.2 39.5 36.6
#obs_coopLLsurv_lci
330.4 309.6 366.4 490.4 496.8 548 722.4 670.4 533.6 565.6 528.8 359.2 308.8 321.6 316 292.8
#obs_coopLLsurv_uci
495.6 464.4 549.6 735.6 745.2 822 1083.6 1005.6 800.4 848.4 793.2 538.8 463.2 482.4 474 439.2
# Domestic Longline Fishery CPUE (RPW), aka srv5
#nyrs_LLfish
40
#yrs_LLfish
1990 1991 1992 1993 1994 1995 1996 1997 1998 1999 2000 2001 2002 2003 2004 2005 2006 2007 2008 2009 2010 2011 2012 2013 2014 2015 2016 2017 2018 2019 2020 2021 2022 2023 2024 2025 2026 2027 2028 2029
#obs_LLfish_biom
1898.17514733916 1531.35951878326 1645.14292845662 1512.27204758828 1596.71188081653 1781.59524278941 1188.98402024686 1219.47184604245 1014.9789487987 1061.73757020445 1092.92201784495 1241.08606019948 1242.89828550442 1062.31168946864 1085.65340211632 1378.09275608545 1354.74767428967 1042.02626387144 1242.04453960705 1260.04613892606 906.770582970807 924.170381727824 1021.63331250603 959.569856008456 1007.37520987042 832.131471625303 799.006673607256 1210.58951782509 1578.06460958868 1549.81500603286 2269.33084967255 1586.47961658293 443.874842085837 571.428996582849 641.114925463181 874.283523338321 751.989669200263 409.362224858937 290.610306469793 276.874913030642
#obs_LLfish_se
189.817514733916 153.135951878326 164.514292845662 151.227204758828 159.671188081653 178.159524278941 118.898402024686 121.947184604245 101.49789487987 106.173757020445 109.292201784495 124.108606019948 124.289828550442 106.231168946864 108.565340211632 137.809275608545 135.474767428967 104.202626387144 124.204453960705 126.004613892606 90.6770582970807 92.4170381727824 102.163331250603 95.9569856008456 100.737520987042 83.2131471625303 79.9006673607256 121.058951782509 157.806460958868 154.981500603286 226.933084967255 158.647961658293 44.3874842085837 57.1428996582849 64.1114925463181 87.4283523338321 75.1989669200263 40.9362224858938 29.0610306469793 27.6874913030642
#obs_LLfish_lci
1518.54011787133 1225.08761502661 1316.11434276529 1209.81763807062 1277.36950465323 1425.27619423152 951.187216197492 975.577476833962 811.983159038957 849.390056163557 874.337614275961 992.868848159585 994.318628403532 849.849351574916 868.522721693058 1102.47420486836 1083.79813943173 833.621011097151 993.635631685641 1008.03691114085 725.416466376646 739.336305382259 817.306650004825 767.655884806765 805.900167896332 665.705177300242 639.205338885805 968.471614260074 1262.45168767094 1239.85200482629 1815.46467973804 1269.18369326635 355.09987366867 457.143197266279 512.891940370545 699.426818670657 601.59173536021 327.48977988715 232.488245175834 221.499930424513
#obs_LLfish_uci
2277.810176807 1837.63142253991 1974.17151414794 1814.72645710594 1916.05425697984 2137.91429134729 1426.78082429624 1463.36621525094 1217.97473855844 1274.08508424533 1311.50642141394 1489.30327223938 1491.4779426053 1274.77402736237 1302.78408253959 1653.71130730254 1625.6972091476 1250.43151664573 1490.45344752846 1512.05536671128 1088.12469956497 1109.00445807339 1225.95997500724 1151.48382721015 1208.8502518445 998.557765950363 958.808008328707 1452.70742139011 1893.67753150642 1859.77800723943 2723.19701960707 1903.77553989952 532.649810503005 685.714795899419 769.337910555817 1049.14022800599 902.387603040316 491.234669830725 348.732367763752 332.24989563677
# Japanese LL fishery RPW, aka srv6
#nyrs_JPfish
5
#yrs_JPfish
1977 1978 1979 1980 1981
#obs_JPfish_biom
1511 942 809 1040 1343
#obs_JPfish_se
151.1 94.2 80.9 104 134.3
#obs_JPfish_lci
1208.8 753.6 647.2 832 1074.4
#obs_JPfish_uci
1813.2 1130.4 970.8 1248 1611.6
# Domestic LL/Fixed gear fishery age compositions, oac_fish1
#nyrs_LLfish_age
31
#yrs_LLfish_age
1999 2000 2001 2002 2003 2004 2005 2006 2007 2008 2009 2010 2011 2012 2013 2014 2015 2016 2017 2018 2019 2020 2021 2022 2023 2024 2025 2026 2027 2028 2029
#nsamples_LLfish_age_bsaiwgcgeg
20 20 20 20 20 20 20 20 20 20 20 20 20 20 20 20 20 20 20 30 30 30 30 30 30 30 30 30 30 30 30
#oac_LLfish_bsaiwgcgeg
0 0.003 0.141 0.075 0.044 0.038 0.189 0.006 0.107 0.012 0.031 0.01 0.054 0.078 0.001 0.041 0.023 0.044 0.008 0.019 0.035 0.005 0.002 0.001 0.001 0.002 0.001 0.006 0.001 0.02
0 0.029 0.017 0.174 0.102 0.052 0.036 0.149 0.004 0.139 0.019 0.006 0.006 0.048 0.029 0.001 0.069 0.018 0.032 0.003 0.008 0.032 0 0.001 0 0 0 0 0.006 0.018
0 0.032 0.219 0.043 0.138 0.069 0.039 0.017 0.128 0.006 0.074 0.03 0.013 0.006 0.024 0.031 0.002 0.041 0.015 0.018 0.006 0.009 0.021 0.001 0.001 0 0.001 0.001 0 0.016
0.001 0.012 0.15 0.249 0.017 0.164 0.037 0.02 0.013 0.12 0.003 0.048 0.009 0.004 0.002 0.017 0.02 0 0.035 0.007 0.012 0.004 0.012 0.024 0.005 0.005 0 0 0 0.011
0 0.052 0.099 0.136 0.278 0.018 0.118 0.015 0.022 0.009 0.076 0.001 0.043 0.025 0.003 0.003 0.017 0.018 0.001 0.01 0.007 0.015 0.002 0.006 0.013 0 0 0 0 0.013
0 0.012 0.374 0.065 0.1 0.189 0.003 0.062 0.02 0.003 0.003 0.038 0.001 0.032 0.004 0.003 0.003 0.013 0.009 0 0.032 0.007 0.008 0.001 0.005 0.007 0 0 0 0.005
0 0.013 0.055 0.391 0.103 0.059 0.138 0.008 0.046 0.018 0.006 0.009 0.048 0.002 0.025 0.014 0.002 0 0.009 0.004 0 0.012 0.002 0.009 0.004 0.001 0.011 0.003 0.001 0.006
0 0.004 0.125 0.07 0.338 0.054 0.091 0.118 0.003 0.049 0.024 0.012 0.002 0.023 0 0.016 0.005 0.002 0 0.009 0.007 0.002 0.007 0.005 0.009 0.004 0.006 0.009 0 0.007
0 0.009 0.047 0.11 0.051 0.321 0.048 0.1 0.119 0.006 0.053 0.029 0.002 0.001 0.043 0 0.021 0.007 0.001 0.003 0.008 0.004 0 0.004 0.003 0.002 0.001 0.001 0.003 0.003
0 0.014 0.093 0.052 0.131 0.038 0.23 0.056 0.062 0.136 0.002 0.035 0.022 0.019 0.014 0.025 0.001 0.025 0.003 0.001 0.002 0.007 0.005 0 0.008 0.002 0.004 0.001 0 0.011
0 0.02 0.13 0.137 0.031 0.096 0.03 0.262 0.035 0.051 0.072 0.003 0.032 0.017 0.01 0.008 0.013 0.001 0.015 0.001 0.001 0 0.002 0.004 0 0.008 0.002 0.006 0.001 0.011
0.006 0.01 0.062 0.081 0.139 0.05 0.12 0.032 0.187 0.044 0.075 0.053 0.001 0.036 0.018 0.004 0.003 0.026 0.001 0.019 0.002 0.001 0.001 0.004 0.005 0 0.005 0.001 0.003 0.006
0 0.03 0.124 0.089 0.071 0.061 0.044 0.093 0.041 0.126 0.031 0.065 0.113 0.001 0.026 0.005 0.001 0.005 0.015 0.001 0.022 0.002 0.001 0 0.008 0.003 0 0.006 0.001 0.017
0 0.011 0.203 0.08 0.093 0.077 0.088 0.031 0.045 0.015 0.141 0.036 0.033 0.056 0.002 0.023 0.005 0.004 0.003 0.019 0.001 0.008 0.001 0 0 0.002 0.003 0 0.005 0.016
0 0.027 0.046 0.21 0.074 0.058 0.085 0.062 0.031 0.064 0.004 0.105 0.02 0.044 0.053 0.007 0.022 0.011 0.008 0.001 0.013 0.001 0.007 0.005 0 0.001 0.01 0.007 0 0.023
0 0.001 0.125 0.037 0.183 0.096 0.095 0.059 0.049 0.017 0.058 0.02 0.135 0.015 0.025 0.023 0.001 0.014 0.003 0.004 0.003 0.007 0.001 0.012 0.001 0 0 0.002 0.002 0.012
0 0.021 0.006 0.125 0.055 0.137 0.1 0.067 0.052 0.074 0.043 0.037 0.018 0.12 0.008 0.023 0.053 0.003 0.015 0.006 0.007 0.009 0.004 0 0.003 0 0 0 0 0.013
0 0.021 0.123 0.007 0.104 0.04 0.142 0.053 0.073 0.039 0.06 0.03 0.027 0.014 0.115 0.009 0.01 0.062 0.004 0.029 0.004 0.001 0.002 0.005 0 0.007 0.001 0.001 0.002 0.015
0 0.252 0.142 0.078 0.015 0.095 0.048 0.103 0.013 0.015 0.025 0.041 0.006 0.027 0.019 0.056 0.005 0.007 0.018 0.002 0.002 0.002 0.003 0.001 0.008 0 0.006 0 0 0.013
0.002 0.022 0.667 0.074 0.027 0.005 0.018 0.019 0.049 0.019 0.012 0.02 0 0.004 0.011 0.006 0.019 0.005 0.011 0.008 0 0 0 0 0 0 0 0 0 0.003
0 0 0.162 0.63 0.053 0.018 0.003 0.018 0.011 0.022 0.011 0.016 0 0.006 0.006 0.006 0.005 0.005 0 0.006 0.001 0 0.003 0.003 0 0 0.009 0 0.003 0.002
0 0 0.053 0.154 0.571 0.051 0.015 0.005 0.027 0.01 0.04 0.007 0.012 0.007 0.007 0.005 0.006 0.002 0.013 0.001 0 0.006 0 0.003 0 0 0 0 0 0.006
0 0.01 0.11 0.073 0.16 0.491 0.037 0.01 0 0.011 0.008 0.023 0.007 0.005 0.007 0.018 0.001 0.005 0 0.006 0.001 0.009 0 0 0.001 0.003 0 0 0.004 0.001
0 0.008 0.089 0.104 0.065 0.115 0.46 0.035 0.022 0 0.013 0.004 0.01 0.004 0.007 0.006 0.002 0.004 0.003 0.003 0.021 0.001 0.003 0.004 0 0 0 0 0.003 0.014
0 0.051 0.069 0.096 0.105 0.074 0.112 0.351 0.026 0.027 0.004 0.016 0.009 0.007 0.005 0.006 0.004 0 0 0.003 0 0.011 0.004 0.001 0 0 0.004 0.001 0 0.015
0 0.007 0.421 0.017 0.058 0.061 0.027 0.077 0.244 0.009 0.017 0 0.004 0.003 0.02 0.007 0 0 0.002 0.003 0.006 0.003 0 0 0.005 0.001 0 0.006 0 0.005
0 0.057 0.104 0.378 0.033 0.049 0.037 0.032 0.067 0.177 0.021 0.004 0 0.008 0 0.008 0.003 0.007 0.002 0 0.004 0 0.004 0.006 0 0 0 0 0 0.001
0 0.013 0.292 0.117 0.237 0.037 0.04 0.028 0.02 0.036 0.126 0.014 0.004 0 0.002 0 0.01 0 0.004 0 0.008 0 0.004 0.002 0.004 0 0 0.002 0 0
0 0.078 0.11 0.307 0.062 0.184 0.018 0.022 0.052 0.005 0.03 0.096 0.006 0.004 0.005 0 0 0 0 0.003 0.005 0.002 0.004 0 0 0.009 0 0 0 0
0.002 0.035 0.639 0.051 0.105 0.016 0.066 0 0.014 0.005 0.001 0.008 0.042 0.003 0 0 0 0 0 0 0.002 0 0.006 0 0 0 0 0.004 0.001 0
0 0.148 0.303 0.364 0.017 0.063 0.014 0.039 0.001 0.004 0.005 0.002 0.008 0.019 0.002 0.002 0 0 0 0.002 0 0 0 0 0 0 0.001 0.001 0 0.004
# Domestic LL survey Age Compositions
#nyrs_domLLsurv_age
34
#yrs_domLLsurv_age
1996 1997 1998 1999 2000 2001 2002 2003 2004 2005 2006 2007 2008 2009 2010 2011 2012 2013 2014 2015 2016 2017 2018 2019 2020 2021 2022 2023 2024 2025 2026 2027 2028 2029
#nsamples_domLLsurv_age_bsaiwgcgeg
20 20 20 20 20 20 20 20 20 20 20 20 20 20 20 20 20 20 20 20 20 20 30 30 30 30 30 30 30 30 30 30 30 30
#oac_domLLsurv_bsaiwgcgeg
0 0 0.004 0.24 0.006 0.239 0.037 0.025 0.019 0.057 0.037 0.005 0.05 0.034 0.042 0.024 0.017 0.126 0.003 0.003 0.001 0.001 0.001 0 0.007 0.003 0.001 0 0.001 0.018
0 0 0.013 0.056 0.256 0.011 0.146 0.027 0.021 0.009 0.075 0.05 0.005 0.094 0.04 0.053 0.007 0.021 0.069 0.004 0.005 0.002 0.001 0.001 0 0.008 0 0 0 0.028
0 0 0.041 0.078 0.058 0.207 0.01 0.159 0.034 0.018 0.009 0.075 0.037 0.002 0.069 0.025 0.044 0.01 0.022 0.053 0.001 0 0 0.002 0 0 0.013 0.002 0.003 0.026
0 0 0.057 0.105 0.086 0.052 0.184 0.002 0.158 0.02 0.022 0.007 0.044 0.027 0.002 0.036 0.027 0.031 0.013 0.012 0.053 0.002 0.001 0.001 0 0 0.005 0.016 0.01 0.025
0 0.001 0.014 0.242 0.085 0.054 0.054 0.166 0.004 0.091 0.018 0.009 0.012 0.029 0.036 0.003 0.035 0.017 0.026 0.004 0.011 0.048 0.005 0 0 0.002 0.002 0 0.015 0.017
0 0 0.105 0.023 0.207 0.092 0.025 0.022 0.121 0.004 0.137 0.025 0.019 0.006 0.023 0.017 0.001 0.05 0.021 0.027 0.003 0.01 0.028 0.001 0.003 0 0 0 0 0.03
0 0 0.043 0.351 0.019 0.176 0.058 0.022 0.006 0.072 0.003 0.081 0.004 0.001 0.002 0.024 0.022 0.001 0.03 0.01 0.021 0.001 0.007 0.022 0 0.002 0.002 0 0 0.019
0 0.003 0.033 0.203 0.274 0.019 0.138 0.031 0.013 0.006 0.066 0.002 0.036 0.007 0.004 0.003 0.026 0.013 0.001 0.049 0.009 0.017 0.004 0.009 0.02 0.001 0 0 0 0.014
0 0 0.141 0.103 0.134 0.254 0.031 0.084 0.009 0.005 0.003 0.06 0.008 0.042 0.005 0.007 0.004 0.012 0.016 0.003 0.019 0.006 0.011 0.002 0.008 0.018 0.002 0.001 0 0.009
0 0 0.011 0.336 0.058 0.126 0.173 0.005 0.055 0.023 0.019 0.01 0.037 0 0.051 0.007 0.002 0.002 0.01 0.013 0.001 0.012 0.008 0.016 0.002 0.003 0.011 0 0 0.007
0 0 0.032 0.048 0.381 0.074 0.092 0.147 0.006 0.035 0.011 0.003 0.013 0.03 0.001 0.028 0.01 0.004 0.004 0.008 0.006 0 0.007 0.021 0.015 0.002 0.005 0.008 0 0.008
0 0 0.019 0.14 0.061 0.309 0.042 0.067 0.124 0.023 0.014 0.012 0.011 0.009 0.058 0 0.033 0.003 0.004 0.001 0.007 0.009 0.004 0.009 0.011 0.005 0.002 0.005 0.008 0.01
0 0 0.055 0.077 0.134 0.047 0.223 0.054 0.097 0.124 0.017 0.03 0.023 0.002 0.007 0.041 0 0.014 0.006 0.002 0.004 0.009 0.005 0 0.009 0.003 0.005 0.001 0.003 0.007
0 0 0.026 0.152 0.045 0.082 0.044 0.237 0.04 0.107 0.109 0.008 0.018 0.012 0.001 0.008 0.02 0.001 0.019 0.006 0.002 0.003 0.005 0.01 0.001 0.01 0.01 0.011 0.001 0.01
0 0 0.02 0.103 0.138 0.059 0.113 0.026 0.173 0.073 0.05 0.098 0.002 0.03 0.002 0.024 0.004 0.01 0.002 0.02 0.005 0.003 0.002 0.007 0.006 0 0.006 0.009 0.008 0.006
0 0.004 0.044 0.101 0.116 0.097 0.05 0.079 0.023 0.17 0.035 0.057 0.063 0.003 0.034 0.015 0.005 0.007 0.026 0 0.01 0.004 0.001 0.002 0.005 0.005 0 0.014 0.001 0.029
0 0 0.078 0.074 0.111 0.059 0.113 0.025 0.071 0.027 0.19 0.053 0.025 0.061 0.003 0.019 0.007 0.004 0.007 0.023 0.001 0.016 0 0 0 0.002 0.007 0 0.005 0.019
0 0 0.025 0.26 0.069 0.083 0.059 0.074 0.026 0.061 0.015 0.11 0.029 0.059 0.04 0 0.024 0.01 0.002 0.005 0.012 0 0.017 0 0 0 0.001 0.002 0 0.014
0 0 0.08 0.102 0.197 0.09 0.048 0.032 0.104 0.015 0.059 0.021 0.076 0.039 0.037 0.031 0 0.007 0.006 0.002 0.001 0.026 0 0.004 0.001 0.001 0.001 0.006 0.001 0.014
0 0 0.012 0.165 0.068 0.183 0.069 0.056 0.03 0.045 0.023 0.039 0.017 0.119 0.023 0.037 0.036 0.001 0.022 0.004 0.011 0.004 0.006 0 0.005 0 0.001 0 0.004 0.02
0 0 0.041 0.016 0.154 0.071 0.153 0.045 0.067 0.065 0.057 0.018 0.045 0.019 0.099 0.021 0.04 0.035 0.004 0.016 0.005 0.002 0.002 0.008 0 0.004 0.001 0 0 0.011
0 0.004 0.063 0.139 0.018 0.11 0.05 0.159 0.051 0.042 0.048 0.046 0.013 0.04 0.027 0.08 0.009 0.018 0.031 0.003 0.02 0.005 0.003 0.001 0.005 0.001 0.002 0 0 0.012
0 0 0.438 0.115 0.08 0.004 0.062 0.021 0.074 0.022 0.022 0.03 0.009 0.006 0.024 0.005 0.043 0 0.004 0.017 0 0.007 0 0.004 0 0.003 0.001 0 0 0.01
0 0 0.056 0.707 0.065 0.027 0.002 0.011 0.017 0.02 0.014 0.021 0.002 0.011 0.001 0.01 0.006 0.009 0.002 0.006 0.006 0 0 0 0 0 0 0 0.001 0.004
0 0 0.021 0.143 0.64 0.042 0.016 0.003 0.014 0.007 0.024 0.011 0.013 0.005 0.012 0.003 0.011 0 0.016 0 0.002 0.004 0.001 0.002 0.001 0.001 0 0.003 0 0.003
0 0 0.025 0.051 0.168 0.535 0.045 0.029 0.001 0.012 0.007 0.028 0.01 0.005 0.009 0.001 0.007 0.009 0.003 0.021 0 0.007 0.005 0 0.003 0.003 0 0.002 0.007 0.006
0 0 0.04 0.118 0.061 0.14 0.494 0.04 0.018 0.003 0.003 0.004 0.018 0.005 0.003 0.002 0.002 0.003 0.003 0.003 0.012 0 0.002 0.009 0 0.006 0 0 0 0.009
0 0 0.018 0.121 0.075 0.043 0.133 0.462 0.035 0.016 0.001 0.016 0.006 0.016 0.006 0.006 0.004 0.004 0.002 0.006 0.001 0.015 0.003 0.002 0.002 0.001 0 0.001 0.001 0.006
0 0 0.186 0.063 0.085 0.075 0.031 0.117 0.33 0.027 0.018 0 0.008 0.006 0.005 0.004 0.005 0.006 0.005 0.001 0.007 0 0.013 0.003 0.001 0.005 0 0 0 0
0 0.002 0.016 0.445 0.054 0.052 0.076 0.028 0.045 0.2 0.018 0.012 0 0.003 0 0.007 0 0.007 0.001 0.007 0 0.009 0 0.011 0.002 0 0 0 0.004 0
0 0 0.156 0.102 0.365 0.021 0.033 0.051 0.021 0.058 0.15 0.009 0.004 0.002 0.004 0.002 0 0.001 0.002 0.003 0.003 0.003 0.001 0.002 0.004 0.001 0.002 0 0 0
0 0 0.034 0.4 0.063 0.231 0.01 0.04 0.024 0.009 0.03 0.119 0.009 0 0 0.003 0.002 0 0.004 0.004 0 0.01 0 0 0 0.002 0.005 0.002 0 0
0 0 0.344 0.118 0.235 0.03 0.116 0.008 0.017 0.009 0.009 0.018 0.062 0.007 0.009 0 0.005 0 0.003 0.001 0 0 0 0 0 0 0.001 0.003 0 0.003
0 0.005 0.131 0.593 0.04 0.102 0.015 0.05 0.01 0.008 0.008 0 0.007 0.019 0.005 0.001 0.001 0.003 0.001 0.001 0 0.001 0 0 0 0 0 0.001 0 0
