# Sablefish Model_1_single_area .dat file
# Model input parameters/vectors

#styr
1977 
#endyr
2018
#recage
2 
#nages
30 
#nlenbins
30 
#len_bin_labels
41 43 45 47 49 51 53 55 57 59 61 63 65 67 69 71 73 75 77 79 81 83 85 87 89 91 93 95 97 99
#spawn_fract
1
#natmort
# 0.10
#p_mature
0.006083885 0.023843063 0.076916038 0.19831158 0.393646519 0.604336724 0.765348989 0.864708591 0.920670269 0.951682904 0.96921586 0.979475535 0.985715607 0.989658818 0.992241742 0.993990254 0.995209671 0.996083126 0.996723891 0.99720407 0.997570789 0.997855613 0.998080165 0.998259566 0.998404595 0.998523068 0.998620752 0.99870196 0.998769965 1
#wt_m
0.971715586 1.456610048 1.877666845 2.216248989 2.476126923 2.669769481 2.811274969 2.913338963 2.986303936 3.038149188 3.074833056 3.100713565 3.118935223 3.131746354 3.140744588 3.147060361 3.151491197 3.1545986 3.156777345 3.158304712 3.159375318 3.160125696 3.1606516 3.161020166 3.161278459 3.161459467 3.161586315 3.161675206 3.161737498 3.161781151
#wt_f
0.916819778 1.477123278 2.052195835 2.598202155 3.090971733 3.520478614 3.885686957 4.190661834 4.441940672 4.646893835 4.812779804 4.946254777 5.053162923 5.138490103 5.20640581 5.260347147 5.303117714 5.336986373 5.363778285 5.384954987 5.401682719 5.414889559 5.425312496 5.433535815 5.440022136 5.445137382 5.449170763 5.452350711 5.454857574 5.456833673


#==========================================================================================================================
# Observed Catches
#==========================================================================================================================
#n_yrs_catch
42
#fixed_catch 
18.9	9.2	10.4	8.4	11	10.2	10.2	10.3	13	21.6	27.6	29.3	27.5	25.532	23.34333	20.98879	22.9117	20.63911	18.23827701	15.32050261	13.11783079	12.55654749	11.73794583	13.84521178	12.65488752	12.92114484	14.51934017	16.22424019	15.50683207	14.79719923	15.19640785	13.71291076	12.28339635	11.34530473	12.0829866	13.19010345	13.02344047	10.87009891	10.20493412	9.337048448	10.17719574	10.199707
#trawl_catch
2.5	1.2	1.5	2	1.6	1.8	1.6	3.8	1.5	7.3	7.6	9.1	7.3	4.684	3.09735	2.90987	2.5056	2.93761	2.61261	2.18716	1.63152	1.48726	1.98451	2.01939	1.7829	2.24311	2.060234	1.656416	1.556249	1.246329	1.235386	1.122057	1.056729	1.004606413	1.179263986	1.101838999	1.037226431	1.025381258	1.08472707	1.338367787	2.279894053	3.429496172
#==========================================================================================================================


#==========================================================================================================================
# Domestic longline survey RPN, aka srv3
#==========================================================================================================================
#nyrs_domLLsurv
29
#yrs_domLLsurv
1990 1991 1992 1993 1994 1995 1996 1997 1998 1999 2000 2001 2002 2003 2004 2005 2006 2007 2008 2009 2010 2011 2012 2013 2014 2015 2016 2017 2018
#obs_domLLsurv_biom
640.728503	578.3578843	497.6861579	548.8565946	476.1999577	486.6332731	506.7615653	477.0097364	473.8222188	526.0310978	455.5670064	534.6713398	549.5807379	515.7762251	539.7340109	541.4281385	568.9179275	507.9870876	460.9779294	414.1948469	457.8712405	554.820614	444.3853907	420.0768433	484.0665742	385.2157967	494.3341976	561.4602348	611.493839
#obs_domLLsurv_se
27.4526346	23.18536578	18.19678871	25.62554606	19.08692214	20.57809053	20.82940815	20.52464107	22.32073628	26.38227509	25.25177768	26.4356573	31.36491805	28.2868892	28.16927756	30.03281519	34.45664304	27.90229303	22.56038012	27.0222521	26.25246188	31.73579461	25.749349	22.16106876	23.35114484	20.06172456	25.21101573	36.27421251	31.99792704
#obs_domLLsurv_lci
585.8232338	531.9871528	461.2925804	497.6055025	438.0261134	445.477092	465.102749	435.9604543	429.1807463	473.2665477	405.0634511	481.8000252	486.8509018	459.2024467	483.3954558	481.3625081	500.0046414	452.1825015	415.8571691	360.1503427	405.3663167	491.3490248	392.8866927	375.7547057	437.3642845	345.0923476	443.9121662	488.9118098	547.4979849
#obs_domLLsurv_uci
695.6337722	624.7286159	534.0797353	600.1076867	514.373802	527.7894541	548.4203816	518.0590186	518.4636914	578.795648	506.0705618	587.5426544	612.310574	572.3500035	596.072566	601.4937689	637.8312136	563.7916736	506.0986896	468.2393511	510.3761643	618.2922032	495.8840887	464.3989808	530.7688638	425.3392459	544.7562291	634.0086598	675.4896931
#==========================================================================================================================


#==========================================================================================================================
# Japanese/coop longline survey RPNs by area, aka srv4
#==========================================================================================================================
#nyrs_coopLLsurv
16
#yrs_coopLLsurv
1979 1980 1981 1982 1983 1984 1985 1986 1987 1988 1989 1990 1991 1992 1993 1994
#obs_coopLLsurv_biom
413 387 458 613 621 685 903 838 667 707 661 449 386 402 395 366
#obs_coopLLsurv_se
41.3 38.7 45.8 61.3 62.1 68.5 90.3 83.8 66.7 70.7 66.1 44.9 38.6 40.2 39.5 36.6
#obs_coopLLsurv_lci
330.4 309.6 366.4 490.4 496.8 548 722.4 670.4 533.6 565.6 528.8 359.2 308.8 321.6 316 292.8
#obs_coopLLsurv_uci
495.6 464.4 549.6 735.6 745.2 822 1083.6 1005.6 800.4 848.4 793.2 538.8 463.2 482.4 474 439.2



#==========================================================================================================================
# Domestic Longline Fishery CPUE (RPW), aka srv5
#==========================================================================================================================
#nyrs_LLfish
28
#yrs_LLfish
1990 1991 1992 1993 1994 1995 1996 1997 1998 1999 2000 2001 2002 2003 2004 2005 2006 2007 2008 2009 2010 2011 2012 2013 2014 2015 2016 2017
#obs_LLfish_biom
1200.559703	1065.846303	907.7053904	903.693265	822.1961692	1243.377135	1200.869005	1341.139079	1129.655707	1326.128002	1138.845384	1118.292026	1143.378661	1218.728727	1360.37864	1313.266482	1216.08851	1280.59749	1380.051152	1131.963897	1064.985521	1056.388758	1033.786043	908.1913242	969.4813833	847.5418299	656.3393313	656.4278633
#obs_LLfish_se
120.0559703	106.5846303	90.77053904	90.3693265	82.21961692	124.3377135	120.0869005	134.1139079	112.9655707	132.6128002	113.8845384	111.8292026	114.3378661	121.8728727	136.037864	131.3266482	121.608851	128.059749	138.0051152	113.1963897	106.4985521	105.6388758	103.3786043	90.81913242	96.94813833	84.75418299	65.63393313	65.64278633
#obs_LLfish_lci
960.4477624	852.6770424	726.1643123	722.954612	657.7569354	994.701708	960.695204	1072.911263	903.7245656	1060.902402	911.0763068	894.633621	914.702929	974.9829819	1088.302912	1050.613186	972.8708078	1024.477992	1104.040921	905.5711178	851.9884167	845.1110061	827.0288341	726.5530593	775.5851067	678.0334639	525.071465	525.1422907
#obs_LLfish_uci
1440.671644	1279.015564	1089.246468	1084.431918	986.635403	1492.052562	1441.042806	1609.366895	1355.586848	1591.353603	1366.61446	1341.950432	1372.054393	1462.474473	1632.454367	1575.919779	1459.306212	1536.716988	1656.061382	1358.356677	1277.982625	1267.666509	1240.543251	1089.829589	1163.37766	1017.050196	787.6071975	787.713436


#==========================================================================================================================
# Japanese LL fishery RPW, aka srv6
#==========================================================================================================================
#nyrs_JPfish
5
#yrs_JPfish
1977 1978 1979 1980 1981
#obs_JPfish_biom
1511 942 809 1040 1343
#obs_JPfish_se
151.1 94.2 80.9 104 134.3
#obs_JPfish_lci
1208.8 753.6 647.2 832 1074.4
#obs_JPfish_uci
1813.2 1130.4 970.8 1248 1611.6


#==========================================================================================================================
#Domestic LL/Fixed gear fishery age compositions, oac_fish1
#==========================================================================================================================
#nyrs_LLfish_age
19
#yrs_LLfish_age
1999 2000 2001 2002 2003 2004 2005 2006 2007 2008 2009 2010 2011 2012 2013 2014 2015 2016 2017
#nsamples_LLfish_age_bsaiwgcgeg
20 20 20 20 20 20 20 20 20 20 20 20 20 20 20 20 20 20 20
#oac_LLfish_bsaiwgcgeg
0.0002810	0.0285232	0.0854104	0.0926811	0.0783221	0.0943728	0.0766148	0.0539324	0.0615589	0.0502768	0.0301416	0.0352893	0.0454936	0.0354852	0.0354113	0.0209032	0.0300022	0.0139626	0.0104836	0.0139987	0.0073547	0.0072373	0.0110852	0.0010260	0.0087615	0.0066097	0.0048572	0.0065108	0.0073529	0.0460601
0.0014525	0.0249069	0.0728138	0.1114673	0.0885877	0.0642832	0.0614864	0.0756611	0.0486426	0.0464826	0.0505444	0.0523203	0.0340310	0.0392015	0.0225400	0.0284525	0.0147150	0.0170872	0.0127450	0.0049201	0.0000000	0.0400817	0.0012702	0.0043078	0.0064181	0.0052631	0.0050752	0.0068683	0.0028359	0.0555386
0.0045613	0.0231161	0.1136760	0.0823953	0.1321097	0.1056131	0.0629262	0.0538542	0.0496363	0.0346458	0.0261777	0.0346986	0.0307715	0.0252625	0.0281680	0.0271665	0.0232719	0.0170540	0.0137367	0.0091496	0.0072176	0.0089329	0.0086981	0.0033836	0.0062891	0.0055368	0.0090832	0.0060274	0.0048172	0.0420231
0.0036053	0.0142878	0.0819990	0.1896412	0.1365972	0.1049958	0.0732198	0.0336185	0.0408406	0.0357947	0.0280525	0.0259073	0.0198771	0.0287722	0.0164359	0.0118917	0.0198036	0.0100236	0.0098933	0.0094431	0.0076833	0.0042084	0.0072778	0.0090865	0.0070326	0.0055130	0.0016357	0.0054446	0.0026094	0.0548085
0.0085167	0.0547474	0.0789871	0.2554224	0.2233242	0.0932334	0.0583765	0.0286158	0.0148337	0.0133979	0.0153770	0.0124603	0.0151023	0.0153713	0.0093435	0.0110332	0.0088692	0.0074445	0.0125509	0.0077395	0.0038733	0.0006634	0.0056681	0.0060375	0.0005690	0.0012259	0.0020736	0.0035880	0.0019840	0.0295706
0.0025802	0.0301412	0.1162998	0.1878833	0.2375803	0.1650260	0.0650382	0.0333704	0.0250132	0.0129656	0.0105252	0.0124582	0.0069456	0.0158441	0.0060521	0.0070635	0.0060521	0.0050751	0.0042481	0.0022686	0.0051561	0.0071380	0.0072376	0.0072376	0.0005807	0.0016811	0.0025827	0.0008609	0.0011614	0.0139331
0.0000000	0.0054673	0.0706084	0.2153283	0.2415170	0.1649126	0.0870481	0.0546008	0.0262054	0.0150601	0.0150949	0.0111578	0.0035442	0.0115056	0.0138520	0.0072044	0.0010438	0.0047881	0.0019041	0.0058764	0.0065277	0.0037634	0.0024163	0.0017205	0.0039470	0.0022844	0.0030676	0.0017205	0.0017205	0.0161126
0.0008694	0.0160931	0.0402871	0.1174425	0.1911613	0.1928963	0.1115586	0.0627896	0.0456578	0.0257051	0.0242229	0.0208841	0.0088434	0.0104125	0.0114735	0.0143812	0.0008361	0.0094106	0.0120847	0.0094915	0.0051234	0.0062521	0.0123096	0.0076447	0.0048048	0.0042873	0.0074198	0.0028249	0.0048048	0.0180272
0.0016096	0.0141134	0.0447460	0.0770175	0.1605388	0.1912565	0.1290643	0.0920155	0.0536247	0.0403958	0.0232515	0.0193958	0.0087219	0.0068828	0.0177590	0.0149657	0.0196092	0.0073246	0.0058183	0.0016105	0.0088106	0.0119530	0.0051743	0.0064520	0.0007481	0.0045243	0.0016105	0.0036668	0.0034495	0.0238896
0.0009439	0.0114695	0.0339295	0.0732067	0.1112178	0.1229241	0.1506898	0.0900544	0.0700671	0.0431502	0.0398789	0.0279995	0.0218632	0.0223876	0.0155005	0.0181311	0.0201298	0.0055885	0.0102230	0.0136229	0.0040376	0.0057171	0.0064476	0.0113545	0.0063060	0.0083353	0.0050612	0.0027519	0.0022144	0.0447963
0.0007746	0.0247952	0.0550790	0.0779741	0.0886526	0.1459276	0.1045741	0.1029664	0.0667009	0.0535495	0.0369434	0.0337008	0.0307826	0.0212482	0.0056027	0.0164994	0.0085567	0.0106000	0.0172009	0.0119769	0.0022578	0.0049139	0.0092400	0.0095432	0.0079599	0.0117181	0.0032311	0.0053150	0.0023291	0.0293864
0.0152701	0.0158263	0.0572523	0.0791236	0.0778569	0.0891716	0.0982899	0.0953560	0.0694602	0.0822287	0.0407808	0.0453499	0.0289166	0.0200343	0.0255597	0.0139540	0.0253335	0.0179787	0.0063470	0.0054893	0.0061783	0.0093926	0.0046122	0.0047169	0.0047676	0.0031309	0.0056741	0.0009558	0.0070047	0.0439877
0.0006835	0.0402257	0.0475013	0.0744565	0.0844194	0.0670113	0.0692386	0.0593099	0.0731121	0.0675893	0.0591955	0.0590780	0.0530947	0.0210587	0.0290881	0.0189502	0.0164541	0.0068252	0.0145014	0.0126130	0.0128567	0.0118404	0.0114402	0.0083036	0.0019845	0.0097311	0.0042041	0.0034711	0.0097226	0.0520392
0.0029691	0.0370946	0.0889446	0.0867933	0.0800873	0.0488363	0.0434367	0.0520209	0.0690223	0.0763556	0.0537431	0.0477170	0.0337634	0.0269516	0.0218803	0.0237055	0.0215215	0.0157623	0.0158786	0.0159189	0.0081910	0.0086305	0.0125413	0.0061874	0.0110333	0.0029149	0.0078428	0.0010706	0.0063539	0.0728314
0.0000000	0.0090354	0.0210321	0.0544876	0.0613869	0.0705014	0.0626102	0.0564815	0.0501164	0.0409793	0.0418130	0.0458533	0.0475346	0.0445081	0.0500479	0.0379967	0.0232192	0.0179152	0.0232691	0.0185078	0.0041893	0.0148929	0.0162236	0.0160712	0.0081386	0.0135802	0.0053745	0.0109352	0.0137335	0.1195655
0.0000000	0.0031401	0.0247378	0.0715706	0.1206260	0.1045861	0.0687750	0.0341199	0.0525397	0.0403344	0.0398948	0.0512980	0.0441946	0.0463167	0.0273628	0.0264105	0.0147560	0.0091123	0.0190363	0.0160744	0.0154481	0.0090465	0.0067941	0.0140838	0.0115140	0.0105792	0.0114016	0.0067097	0.0066447	0.0928920
0.0072794	0.0183828	0.0239706	0.0666484	0.0881816	0.1114094	0.0870598	0.0603727	0.0515344	0.0489625	0.0561513	0.0361121	0.0313953	0.0422958	0.0162099	0.0337797	0.0171177	0.0159149	0.0184340	0.0149825	0.0089863	0.0140339	0.0165773	0.0088766	0.0105061	0.0051982	0.0101283	0.0040397	0.0058101	0.0696489
0.0351529	0.0656740	0.0709614	0.0516318	0.0779479	0.1054653	0.0873311	0.0608274	0.0413716	0.0359004	0.0343571	0.0320212	0.0263936	0.0415723	0.0256721	0.0199721	0.0100819	0.0101734	0.0160293	0.0144362	0.0035967	0.0131260	0.0061383	0.0086301	0.0071155	0.0061664	0.0036604	0.0053171	0.0034689	0.0798075
0.0231316	0.2727231	0.0774445	0.0636694	0.0750927	0.0555595	0.0493779	0.0533636	0.0301428	0.0333188	0.0302884	0.0266193	0.0184877	0.0252583	0.0162002	0.0174053	0.0230317	0.0074815	0.0091200	0.0074196	0.0092748	0.0059669	0.0115313	0.0074815	0.0059359	0.0051012	0.0058121	0.0041426	0.0041426	0.0254750


#==========================================================================================================================
# Domestic LL survey Age Compositions 
#==========================================================================================================================
#nyrs_domLLsurv_age
22
#yrs_domLLsurv_age
1996 1997 1998 1999 2000 2001 2002 2003 2004 2005 2006 2007 2008 2009 2010 2011 2012 2013 2014 2015 2016 2017
#nsamples_domLLsurv_age_bsaiwgcgeg
20 20 20 20 20 20 20 20 20 20 20 20 20 20 20 20 20 20 20 20 20 20
#oac_domLLsurv_bsaiwgcgeg
0.0037291	0.0130226	0.0442847	0.1037321	0.1168752	0.0844920	0.0971165	0.0705257	0.0612710	0.0544805	0.0648572	0.0281428	0.0387315	0.0416435	0.0310254	0.0150191	0.0135468	0.0064530	0.0134076	0.0058707	0.0042298	0.0076572	0.0050697	0.0037421	0.0047863	0.0110438	0.0063295	0.0041752	0.0055580	0.0391816
0.0101493	0.0471880	0.0441558	0.1120345	0.1329112	0.1407677	0.0900254	0.0593462	0.0562018	0.0339557	0.0528216	0.0295804	0.0344087	0.0255945	0.0210671	0.0174153	0.0093812	0.0101095	0.0114407	0.0017861	0.0013077	0.0065556	0.0038731	0.0030583	0.0041011	0.0021365	0.0028617	0.0030000	0.0063143	0.0264508
0.0006988	0.0483233	0.0819495	0.0854694	0.1165693	0.1086888	0.1106801	0.0497765	0.0660992	0.0373147	0.0431658	0.0323077	0.0304860	0.0309328	0.0234150	0.0146238	0.0243405	0.0107166	0.0106381	0.0046029	0.0104756	0.0080902	0.0073450	0.0035147	0.0035336	0.0052415	0.0015118	0.0000000	0.0015769	0.0279119
0.0169157	0.0356479	0.1088083	0.1131599	0.0620398	0.1046411	0.0799059	0.0643454	0.0584458	0.0390449	0.0296948	0.0328424	0.0310892	0.0338536	0.0269379	0.0263622	0.0178251	0.0125292	0.0088708	0.0049862	0.0096682	0.0096580	0.0096259	0.0040047	0.0055642	0.0010638	0.0074038	0.0020023	0.0040142	0.0390487
0.0078359	0.0387073	0.0704878	0.1417058	0.1071807	0.0657319	0.0379492	0.0665051	0.0441941	0.0401207	0.0423617	0.0395897	0.0259582	0.0310594	0.0319633	0.0292359	0.0278101	0.0190119	0.0187220	0.0105441	0.0037874	0.0189755	0.0119313	0.0097618	0.0031582	0.0070271	0.0040817	0.0051854	0.0010774	0.0383393
0.0016285	0.0357507	0.1758205	0.1298369	0.0995866	0.0794528	0.0527042	0.0592709	0.0349685	0.0373068	0.0206240	0.0248007	0.0158232	0.0332089	0.0207024	0.0166794	0.0163454	0.0154944	0.0118548	0.0025551	0.0073330	0.0086067	0.0073229	0.0077227	0.0068461	0.0069701	0.0046182	0.0029333	0.0084983	0.0547340
0.0070996	0.0259224	0.0807712	0.1762038	0.1708272	0.0971687	0.0599213	0.0380886	0.0226549	0.0229094	0.0218221	0.0143438	0.0216193	0.0249943	0.0168446	0.0149429	0.0117489	0.0155497	0.0155295	0.0106369	0.0117635	0.0083000	0.0081469	0.0110346	0.0085223	0.0067430	0.0097887	0.0092347	0.0047933	0.0520737
0.0009027	0.0431407	0.0469377	0.1843978	0.2288619	0.1194089	0.0810134	0.0359125	0.0339300	0.0235579	0.0158401	0.0078045	0.0169065	0.0174711	0.0233922	0.0153231	0.0128953	0.0179064	0.0124125	0.0058942	0.0028563	0.0038951	0.0040531	0.0047558	0.0015167	0.0060836	0.0072596	0.0022184	0.0014972	0.0219551
0.0020156	0.0315685	0.1622234	0.1707342	0.1747764	0.1216175	0.0706526	0.0399253	0.0314564	0.0202727	0.0214276	0.0199875	0.0143939	0.0093974	0.0064344	0.0071742	0.0103825	0.0048350	0.0125265	0.0097180	0.0072018	0.0070746	0.0042747	0.0061246	0.0066955	0.0017449	0.0062937	0.0032865	0.0000000	0.0157843
0.0067550	0.0095160	0.1393241	0.2232996	0.1647220	0.1415451	0.0827652	0.0492666	0.0397255	0.0143092	0.0183786	0.0129265	0.0109376	0.0091644	0.0064035	0.0099514	0.0051455	0.0075622	0.0069232	0.0082645	0.0040818	0.0038184	0.0026996	0.0012878	0.0051157	0.0000000	0.0032421	0.0000000	0.0034472	0.0094215
0.0040847	0.0147618	0.0396049	0.1365740	0.1967052	0.1424585	0.1160929	0.0637507	0.0412402	0.0382342	0.0192115	0.0123139	0.0160148	0.0178704	0.0158085	0.0123352	0.0109410	0.0075898	0.0094104	0.0181683	0.0122488	0.0034582	0.0064993	0.0057488	0.0017313	0.0032049	0.0041870	0.0040781	0.0055653	0.0201075
0.0043077	0.0160481	0.0616892	0.1026931	0.1322127	0.1748626	0.1381079	0.0778649	0.0671213	0.0323988	0.0202632	0.0170097	0.0248865	0.0056346	0.0059785	0.0094131	0.0055916	0.0100102	0.0095525	0.0047274	0.0083745	0.0087324	0.0096711	0.0044627	0.0049082	0.0074117	0.0056398	0.0025706	0.0012684	0.0265870
0.0096002	0.0255660	0.0525822	0.0916098	0.1101879	0.1146622	0.1353856	0.1008360	0.0800152	0.0540862	0.0284158	0.0251652	0.0150826	0.0108531	0.0128388	0.0092571	0.0183234	0.0084889	0.0100168	0.0117977	0.0080829	0.0097778	0.0025084	0.0042032	0.0061862	0.0060309	0.0023999	0.0035882	0.0047999	0.0276519
0.0086782	0.0228164	0.0669692	0.0584285	0.1048846	0.0993215	0.1293559	0.1063126	0.1025175	0.0354121	0.0360879	0.0316427	0.0236453	0.0180988	0.0138847	0.0220793	0.0074475	0.0093828	0.0097847	0.0062726	0.0060893	0.0073789	0.0084509	0.0039870	0.0050069	0.0045955	0.0052206	0.0040470	0.0048058	0.0373953
0.0350110	0.0281422	0.0426372	0.0721093	0.0830521	0.0674557	0.0957332	0.0872147	0.0780146	0.0855217	0.0514099	0.0337677	0.0331676	0.0254129	0.0137687	0.0120810	0.0105674	0.0109434	0.0121907	0.0079947	0.0080995	0.0164100	0.0048938	0.0147258	0.0044411	0.0044558	0.0077899	0.0055235	0.0027402	0.0447248
0.0164778	0.0646053	0.0610023	0.1006803	0.0912394	0.0875124	0.0617090	0.0604791	0.0713333	0.0597152	0.0493242	0.0380735	0.0259555	0.0283709	0.0265880	0.0193869	0.0113609	0.0128473	0.0161057	0.0085231	0.0009526	0.0056021	0.0109582	0.0054467	0.0000000	0.0076045	0.0040709	0.0045287	0.0037355	0.0458108
0.0019222	0.0263451	0.1195150	0.1548747	0.1407779	0.0766294	0.0535516	0.0461327	0.0401380	0.0495143	0.0283293	0.0428541	0.0281254	0.0285508	0.0212214	0.0189365	0.0064171	0.0128597	0.0129314	0.0029048	0.0127658	0.0062158	0.0058561	0.0069144	0.0072248	0.0063461	0.0049533	0.0035123	0.0015901	0.0320898
0.0005811	0.0161504	0.0479521	0.1090880	0.1110094	0.1287060	0.1172181	0.0517956	0.0432184	0.0433118	0.0468386	0.0362490	0.0293198	0.0356957	0.0287018	0.0225346	0.0249672	0.0060371	0.0100868	0.0070741	0.0110372	0.0051165	0.0042993	0.0112549	0.0058565	0.0034920	0.0030089	0.0022665	0.0016965	0.0354362
0.0016415	0.0092069	0.0725504	0.0999397	0.2049473	0.1402592	0.0771102	0.0563272	0.0379440	0.0266398	0.0347486	0.0292364	0.0266585	0.0320014	0.0236827	0.0127631	0.0170135	0.0106251	0.0069522	0.0057340	0.0050765	0.0084013	0.0100687	0.0061428	0.0019448	0.0063434	0.0054176	0.0049952	0.0019478	0.0236804
0.0214594	0.0369996	0.0354104	0.1289830	0.1413474	0.1506831	0.0858453	0.0541147	0.0509796	0.0409463	0.0291277	0.0273994	0.0204068	0.0217024	0.0188739	0.0148984	0.0193472	0.0058900	0.0115258	0.0075975	0.0069208	0.0105391	0.0048144	0.0056272	0.0004525	0.0013709	0.0020090	0.0015429	0.0017285	0.0414569
0.1324591	0.1215025	0.0606627	0.0550849	0.0760695	0.1147729	0.1154441	0.0781914	0.0449723	0.0295775	0.0304095	0.0190479	0.0174036	0.0109208	0.0155719	0.0117042	0.0093503	0.0065313	0.0090101	0.0067680	0.0071786	0.0050194	0.0000000	0.0021603	0.0050800	0.0021815	0.0000000	0.0000000	0.0008738	0.0120519
0.0406048	0.3013365	0.1675974	0.0791853	0.0801703	0.0476970	0.0452928	0.0316714	0.0322971	0.0306903	0.0135922	0.0161805	0.0088339	0.0255764	0.0131932	0.0098254	0.0107907	0.0034067	0.0059952	0.0029138	0.0037032	0.0024925	0.0056732	0.0041826	0.0000000	0.0036044	0.0000000	0.0010119	0.0009142	0.0115671
