# Sablefish Model_1_single_area .dat file
# Model input parameters/vectors
#styr
1977
#endyr
2016
#recage
2
#nages
30
#nlenbins
30
#len_bin_labels
41
43
45
47
49
51
53
55
57
59
61
63
65
67
69
71
73
75
77
79
81
83
85
87
89
91
93
95
97
99
#spawn_fract
1
#natmort
#testdat$natmort
#p_mature
0.006083885
0.023843063
0.076916038
0.19831158
0.393646519
0.604336724
0.765348989
0.864708591
0.920670269
0.951682904
0.96921586
0.979475535
0.985715607
0.989658818
0.992241742
0.993990254
0.995209671
0.996083126
0.996723891
0.99720407
0.997570789
0.997855613
0.998080165
0.998259566
0.998404595
0.998523068
0.998620752
0.99870196
0.998769965
1
#wt_m
0.971715586
1.456610048
1.877666845
2.216248989
2.476126923
2.669769481
2.811274969
2.913338963
2.986303936
3.038149188
3.074833056
3.100713565
3.118935223
3.131746354
3.140744588
3.147060361
3.151491197
3.1545986
3.156777345
3.158304712
3.159375318
3.160125696
3.1606516
3.161020166
3.161278459
3.161459467
3.161586315
3.161675206
3.161737498
3.161781151
#wt_f
0.916819778
1.477123278
2.052195835
2.598202155
3.090971733
3.520478614
3.885686957
4.190661834
4.441940672
4.646893835
4.812779804
4.946254777
5.053162923
5.138490103
5.20640581
5.260347147
5.303117714
5.336986373
5.363778285
5.384954987
5.401682719
5.414889559
5.425312496
5.433535815
5.440022136
5.445137382
5.449170763
5.452350711
5.454857574
5.456833673
# Observed Catches
#n_yrs_catch
40
#fixed_catch
18.9
9.2
10.4
8.4
11
10.2
10.2
10.3
13
21.6
27.6
29.3
27.5
25.532
23.34333
20.98879
22.9117
20.63911
18.07904
15.09191
12.97501
12.38001
11.60081
13.54561
12.28122
12.50501
14.350773
15.863944
15.028765
14.304829
14.721794
13.429655
12.005297
10.9241083054174
11.7949418796594
12.765430388455
12.6052014537697
10.5487545098425
9.8858617860008
NA
#trawl_catch
2.5
1.2
1.5
2
1.6
1.8
1.6
3.8
1.5
7.3
7.6
9.1
7.3
4.684
3.09735
2.90987
2.5056
2.93761
2.61261
2.18716
1.63152
1.48726
1.98451
2.01939
1.7829
2.24311
2.060234
1.656416
1.556249
1.246329
1.235386
1.122057
1.056729
1.0044787773778
1.179179303998
1.1018062284769
1.0371712081475
1.0252429672877
1.0846942872604
NA
