# Number of parameters = 224 Objective function value = 3237.77924700492  Maximum gradient component = 0.000322774550545304
# log_q_srv1:
2.30589897387
# log_q_srv2:
1.52374022633
# log_q_srv5:
2.36859527709
# log_q_srv6:
1.44417282673
# log_q_srv8:
1.76018254887
# logm:
-2.30258509299
# log_mean_rec:
1.86317570089
# sigr:
1.20000000000
# log_a50_fish1_f:
2.46215169947
# log_delta_fish1_f:
0.00000000000
# log_a50_fish1_m:
1.32016112567
# log_delta_fish1_m:
0.00000000000
# log_a50_fish2:
2.10000000000
# log_delta_fish2:
0.698740000000
# log_a50_fish3_f:
1.75071943739
# log_delta_fish3_f:
-0.0126409497159
# log_a50_fish3_m:
0.00000000000
# log_delta_fish3_m:
2.30157239486
# log_a50_fish4_f:
1.12110416031
# log_delta_fish4_f:
1.08831384627
# log_a50_fish4_m:
0.702632718196
# log_delta_fish4_m:
4.57956488297
# log_a50_srv1_f:
1.13743960998
# log_delta_srv1_f:
1.75000000000
# log_a50_srv1_m:
1.23725743802
# log_delta_srv1_m:
1.55000000000
# log_a50_srv2_f:
0.956710000000
# log_delta_srv2_f:
1.00000000000
# log_a50_srv2_m:
2.00000000000
# log_delta_srv2_m:
0.824300000000
# log_avg_F_fish1:
-2.54503809779
# log_F_devs_fish1:
 0.124258964209 -0.707939184508 -0.580334142134 -0.691322372077 -0.300733104361 -0.621606736050 -0.724427285051 -0.685796985225 -0.525652559251 0.0321717037203 0.309778220124 0.571882697893 0.649055330320 0.470165332570 0.385808526604 0.393231852809 0.514305843222 0.338916678339 -0.214224308754 -0.314601175970 -0.378630756588 -0.328372802240 -0.344266461395 -0.0954084381764 -0.188437987336 -0.180837792119 -0.0247072910787 -0.0216906360859 -0.0729563181009 -0.0790544217207 0.0307447390221 -0.00440542162654 -0.0440237031991 -0.0511887089012 0.0877444077448 0.195971058328 0.249041888754 0.132402728902 0.177512746654 0.183038610672 0.215366727747 -0.659898083400 -0.620288162501 -0.272481329128 -0.226409952747 -0.331458633239 -0.541324318679 -0.426186852792 -0.395356764108 -0.308141345717 -0.243298052962 -0.190890391445 -0.173587210648 -0.165082831813 0.163955909803 -0.174681976984 -0.164070062631 -0.0975526343373 0.00663302961001
# log_avg_F_fish3:
-4.50425981643
# log_F_devs_fish3:
 0.300181709338 -0.102821362596 0.267975274672 0.498548590240 0.184119625779 0.0877026980795 -0.439561913047 0.184119198271 -0.672992644412 0.945380973162 0.969913783444 1.23570080355 1.24731516301 1.11586082930 0.837550425857 0.934145135693 0.982384854729 1.24564216656 1.00738393012 0.795504987470 0.525624450567 0.507779087176 0.938241102977 0.984494102115 0.777043572443 0.874742318955 0.655804862870 0.340619577078 0.331815370204 0.0339928056727 0.0415869156031 0.160619082692 0.290191390997 0.297379643882 0.484089320247 0.486776437026 0.517005107903 0.497465557111 0.621498924030 0.397344559055 0.569332501709 0.763347360619 -0.302018629458 -1.95111240661 -2.10977669186 -1.99069758175 -1.90769726054 -1.60970010079 -1.48452175492 -1.36461199513 -1.30033608831 -1.23673895440 -1.18136836446 -1.13912744037 -0.781362622916 -1.13554991383 -1.11776561066 -1.07547153566 -1.03299287560
# log_rec_dev:
 1.35235458597 1.34575524713 1.33889621481 1.33172314301 1.32268920044 1.31138743066 1.29770213210 1.28114623183 1.26184917409 1.24075155344 1.21626935865 1.18740001322 1.15275459735 1.10933040206 1.05430707066 0.987427213402 0.917482303172 0.997769151931 2.19520114105 -0.318864846817 -1.20993028418 -1.64466741879 -0.934571754885 1.63442819113 -1.34748812658 -0.959799686038 -2.50479474082 -2.41090832465 -2.68274544051 -3.16282483655 1.96707396353 0.654222674713 -0.724773446570 1.54335316746 0.877271223044 1.33584345439 -3.88907079458 0.320094713888 0.379257037696 -2.45363648494 -2.08661047500 -2.26298072115 0.847930107362 -4.90514928645 0.729349271494 -2.03766825607 -1.36319813301 -1.07224635448 0.205811450986 -5.08451460866 0.716162550799 0.0883812975448 -1.51116534705 1.28618890900 -3.79723859898 -0.0998625833355 -1.87219741926 -0.186906508175 -0.806261339579 -0.843588002617 -1.09098241054 0.305138154225 -1.74361893207 -0.470824615671 -5.21800366367 -0.993277030415 -2.16870481626 2.55501035530 0.957959920725 1.38549415139 1.38549341203 1.38549428934 1.38549470258 1.38549384897 1.38549488918 1.38549434559 1.38549396706 1.38549492238 1.38549490716 1.38549311508 1.38549400743 1.38549411155 1.38549348343 1.38549424739 1.38549594885 1.38549433069
# mF40:
0.0979953636732
# mF35:
0.117075313631
